[[0,43,3,1,0,0,17,0,0,809,7,1,1248,0,0,75,3,0,91,3,482,353,0,16,0,2,0,1154,89,0,1,56,1,34,30,384,50,0,70,0,0,0,0,0,0,0,0,0,0,0,0,0,0,0,0,0,0,0,0,0,0,0,0,0,0,3,0,0,0,0,0,1,1,0,0,0,0,0,0,0,0,0,0,0,0,0,0,0,0,0,0,0,0,0,0,0,0,0,0,0,0,0,0,0,0,0,0,0,0,0,0,0,0,0,0,4,0,0,0,0,0,0,0,0,0,749,0,0,0,0,0,0,0,0,1,0,0,0,0,1,1,0,2,0,0,0,0,0,0,0,0,0,0,0,0,0,0,0,0,0,0,0,0,0,5,0,1,1,0,0,0,0,0,0,0,0,2,20,0,0,2,23,427,0,0,0,0,68,1065,335,1,0,0,0,0,0],[43,0,2,0,1,43,31,0,1,12,0,0,2494,13,4,0,3,0,62,3,1377,159,29,17,1,2,2,11,164,0,2,91,59,1,0,181,22,0,7,0,429,0,0,0,0,0,0,0,0,0,0,0,0,0,0,0,0,0,0,0,0,0,0,0,0,6,0,0,0,0,0,2,3,0,0,0,0,0,0,0,0,0,0,0,0,0,0,0,0,0,0,0,0,0,0,0,1,1,3227,0,8,0,0,0,0,0,0,0,0,43,0,18,0,10,212,17,0,0,0,0,1,0,0,0,0,5001,8,0,127,0,0,0,0,0,1,1,0,0,0,1,3,0,7,0,0,0,0,1,0,0,0,0,0,0,9,1,0,0,0,2,1,0,0,2,19,0,0,1,0,36,0,0,0,0,0,0,0,3,0,0,5,0,2,0,0,0,0,55,531,169,5,1,0,0,0,0],[3,2,0,5,3,26451,5782,1,23504,597,138,205,209,2140,0,4,77,19,0,38,51,2,0,1050,0,67,192,43150,141,11111,48,0,3,14852,0,2339,6,2,31,1,50,49,1,0,0,3,9,0,1,17,16,4,7,0,2,15,0,30,0,40,92,1,1,30,0,3,2,0,0,134,2,4,22,0,0,0,0,2,51,1,0,2,0,0,24,0,0,4,0,0,1,0,0,1,0,0,5,1,2071,1,8,13,473,447,67,6,1559,0,81,2537,197,157580,126,3446,1405,322,37,281,521,48,32508,10,3,14,8,87,151,124,4628,175,75,70,12,307,3,0,40,29,7687,102,2,63,1,0,1,18,396,96,3,0,2,48,0,1,23,2,10,0,130,286,3,0,40,3,1366,0,14,9,69,453,0,2,0,0,0,0,2,58,8,100,34,3,27,1,106,0,16,4239,28662,2071,9,910,536,0,0,0],[1,0,5,0,5,0,14,3,1,0,111,81,57,1,2,6,7,0,100,9,2520,663,8,94,1,3,1,34,128,0,4,0,69,1,4,2,13,0,8,0,50,1,0,0,0,4,0,0,0,0,0,0,8,0,0,0,0,0,0,0,2,0,0,1,0,28,1,0,0,0,2,1,2,0,0,0,0,12,0,0,1,0,0,0,42,0,0,0,1,1,0,0,3,0,0,0,2,0,34,1,7,0,0,0,0,0,0,0,0,4,9,16,0,6,2,5,0,1,2,0,14,0,0,0,0,2,1,0,3,0,0,0,0,1,0,0,0,0,6,1,0,0,0,0,0,2,0,11,0,0,0,0,0,0,2,1,0,0,0,1,1,0,0,2,18,0,1,3,0,1,0,0,0,0,0,0,1,6,0,0,1,6,44,0,1,0,0,193,1215,40,5,765,1,0,0,0],[0,1,3,5,0,464,0,0,6,7,34,1,14,11,0,0,5146,0,0,2731,4,4,0,64,0,1,42,1,0,0,778,0,0,0,0,10,0,0,0,0,40,0,0,0,0,0,0,0,0,0,0,0,0,0,0,0,0,0,0,2,1,0,0,0,0,0,0,0,0,0,0,0,1,0,0,0,0,0,0,0,0,0,0,0,6,0,0,0,0,0,0,0,0,0,0,0,0,0,15,0,0,0,15,2,0,0,6,2,1,19,2,22,1,12,339,1,0,1,7,0,5,3,0,0,0,3,5,2,5,1,0,1,0,6,0,0,0,0,8,0,0,0,0,0,0,0,0,2,0,0,0,0,0,0,0,0,0,0,0,5,0,0,0,0,43,0,0,0,0,15,0,0,0,0,0,0,0,1,0,0,5,0,0,0,2,0,0,817,8170,611,10,1,8,0,0,0],[0,43,26451,0,464,0,5746,2,6371,202,106,95,54,583,0,0,104,1,1,123,3,1,0,4395,1,53,83,7455,168,644,55,1,2,264,0,616,9,0,34,0,72,1,1,0,0,20,0,0,0,0,0,0,5,0,4,1,0,0,0,1,15,0,0,2,2,8,4,0,0,0,3,7,7,0,1,1,1,0,0,0,1,0,0,0,6,0,0,0,4,0,0,0,0,0,1,1,7,2,42,2,17,0,131,1,7,1,864,0,38,1068,151,115055,12,397,101,20,4,0,1,1,3697,2500,0,0,0,6,112,8,82,9,14,3,0,993,1,0,0,5,27,22,4,107,2,21,2,3,8,3,0,4,1,1,0,5,28,13,0,0,8,83,21,6,14,39,151,1,2,7,0,83,0,0,0,0,0,0,1,26,0,0,4,4,39,2,3,0,16,1676,9254,389,28,636,163,0,0,10],[17,31,5782,14,0,5746,0,2,4794,800,146,1,209,1762,31,0,22,2549,471,37,36,3,9,557,155,83,359,3375,1,7640,67,741,0,291,0,4705,0,0,23,3,73,0,0,0,0,15,1002,0,3,0,45,18,0,0,0,1,0,284,0,50,324,4,3,0,2,0,0,0,19,111,0,0,0,0,1,0,0,47,146,4,0,6,47,0,0,0,0,0,12,14,0,1,0,3,0,2,0,0,7126,3,103,5,1944,4115,91,0,17762,10,167,24292,962,117584,494,26194,15871,806,41,494,3205,151,35573,29,2,9,3,4713,1030,199,39414,209,7,81,5,2052,14,0,4,8,366,26,2,0,3,0,4,9,332,389,3,0,3,79,0,0,18,0,20,1,1,229,0,0,113,4,3208,0,2,5,164,1265,0,6,0,0,0,1,3,17,0,0,13,0,512,1,117,0,157,6339,98108,14247,5,48936,28,0,0,898],[0,0,1,3,0,2,2,0,1,0,1,0,0,3,10,176,0,0,323,1,0,149,268,3,3,0,11,2,51,0,0,0,240,0,936,19,20,0,4,0,146,0,0,0,0,0,0,0,0,0,0,0,0,0,0,0,0,0,0,0,0,0,0,0,0,2,0,0,0,0,0,0,1,0,0,0,0,0,0,0,0,0,0,0,0,0,0,0,0,0,0,0,0,0,0,0,1,0,6,0,6,0,3,0,0,0,10,0,0,37,4,5,2,8,1549,3,0,0,0,0,7,0,0,0,0,0,2,0,0,0,0,0,0,8,0,0,0,0,0,0,1,0,2,0,0,0,0,0,0,0,0,0,0,0,0,0,0,0,0,2,0,0,0,0,43,0,0,0,0,63,0,0,0,0,0,0,0,1,0,0,1,0,1,0,0,0,0,755,148,0,3,1,0,0,0,0],[0,1,23504,1,6,6371,4794,1,0,733,396,1458,231,6092,7,3,207,1,7,183,61,10,13,1246,15,199,423,35582,598,526,184,12,10,1697,3,4464,31,0,128,0,400,0,7,0,6,109,0,1,0,1,2,1,62,3,15,14,1,0,0,15,49,0,1,7,11,38,17,2,1,0,13,25,33,1,29,14,54,27,15,1,1,0,1,7,15,3,5,3,30,0,5,2,7,0,15,5,33,7,184,15,79,0,255,157,33,12,240,0,49,2512,211,29218,104,2920,458,129,50,0,11,18,718,2,5,0,0,126,704,13,467,10,131,6,0,1734,3,2,1,38,262,174,14,73,15,346,13,15,171,60,3,3,7,1,0,17,204,41,1,1,15,120,58,21,27,122,2737,11,11,29,0,567,7,2,1,66,0,0,5,156,2,0,20,27,137,31,3,1,8,3763,8875,1625,105,533,421,2,1,0],[809,12,597,0,7,202,800,0,733,0,365,464,205,79322,1,1,244,1,4,164,47,10,1,1035,5,278,801,3141,1030,37,178,3,19,138,0,20990,46,0,37,0,62,0,2,1,0,17,0,0,0,2,2,1,8,1,9,5,0,0,0,4,41,0,1,7,1,16,9,1,1,1,6,12,9,0,8,2,3,3,0,0,2,0,0,0,17,1,2,1,9,0,0,0,1,0,3,2,17,7,39,5,24,0,40,115,2,1,222,0,5,311,50,43267,47,145,568,43,2,5,9,11,1491,1,0,0,0,309,50,1,171,6,9,0,0,66,13,1,2,11,94,120,15,204,6,2,0,15,1,0,2,3,1,1,0,7,20,15,0,0,6,11,21,7,14,43,136,1,9,16,1,66,1,0,2,0,0,2,4,66,3,3,11,7,36,3,1,0,4,1170,3993,838,34,232,60,3,3,5],[7,0,138,111,34,106,146,1,396,365,0,758,553,754,0,1,1007,2,3,1067,107,54,0,715,1,107951,2710,1907,344,12,3593,0,3,55,0,584,14,0,10,0,16,10,0,0,2,3,0,0,0,0,0,0,1,0,1,1,0,0,0,1,2,0,0,0,0,1,0,0,0,2,1,1,3,0,0,0,0,0,0,0,0,0,0,0,0,0,0,0,0,0,0,0,0,0,0,0,5,3,12,0,2,0,63,13,0,0,318,11,14,486,44,2393,20,183,40,12,0,7,7,2,439,1,0,0,0,13,76,9,48,9,2,4,0,139,0,0,1,4,23,6,0,8,1,0,0,2,2,23,0,0,0,3,0,2,4,0,1,0,1,12,0,0,0,0,90,0,2,6,4,28,0,0,0,0,0,0,0,15,0,1,8,3,40,1,4,0,1,1429,28332,87,985,58,26,0,3,0],[1,0,205,81,1,95,1,0,1458,464,758,0,696,1015,5,4,19,6,0,5,277,325,4,460,0,68,555,38,13,10,10,0,0,0,0,3067,1,0,1,1,4,1,0,0,0,0,6,0,0,0,0,0,2,0,2,19,0,65,0,1,1,0,1,8,0,1,1,0,0,6,1,0,1,0,0,1,0,0,3,0,0,0,0,0,1,0,0,0,0,0,0,0,0,0,0,0,1,0,386,0,0,0,234,275,170,0,693,0,89,2655,135,46871,125,633,35,157,0,16,24,13,7228,56,0,0,1,10,237,67,1090,49,0,19,2,589,1,0,12,1,27,5,0,0,3,1,0,0,2,17,4,0,4,53,0,1,4,1,4,1,1,545,0,0,58,1,120,0,0,0,3,24,0,0,0,0,0,0,0,6,0,1,0,0,7,0,1,0,4,3160,67440,54,1,1,2,0,1,0],[1248,2494,209,57,14,54,209,0,231,205,553,696,0,509,35,2,222,19,4,135,38968,35,11,465,221,183,2257,1299,2776,4,143,2,4,252,0,5488,222,1,8,1,85,16,0,0,0,52,0,0,0,0,1,1,10,0,3,0,0,2,0,3,2,1,1,0,0,4,1,0,0,13,24,2,7,0,0,0,4,1,4,0,0,1,0,1,14,0,0,2,0,7,0,0,0,2,1,0,4,0,95,1,7,0,932,319,4,0,1939,0,15,1906,44,68156,56,265,85,319,0,16,47,12,10827,454,0,5,7,2217,169,20,386,19,4,7,1,232,2,0,4,5,42,34,1,35,1,37,1,3,19,35,1,0,0,3,0,2,1,0,0,0,1,23,0,0,4,0,42,0,1,2,27,36,0,1,0,0,0,0,2,20,27,5,15,11,106,3,14,0,36,2125,91555,1275,2,246,44,0,0,0],[0,13,2140,1,11,583,1762,3,6092,79322,754,1015,509,0,1,3,371,0,6,359,92,13,1,1455,15,244,638,9186,1759,101,305,14,22,495,0,7559,71,0,99,0,122,0,4,0,0,94,0,1,0,3,1,0,10,11,4,13,0,0,0,11,33,0,0,2,5,37,19,17,1,0,10,20,23,0,13,8,8,8,0,0,0,0,0,3,22,1,4,2,18,0,0,0,3,0,8,4,22,4,18,7,28,1,125,0,16,3,1046,0,75,1421,116,191174,61,391,474,94,6,0,10,11,40101,9,2,0,0,127,126,12,526,8,23,5,0,591,1,1,1,19,170,61,14,114,10,31,0,28,23,12,1,15,7,1,0,23,143,62,2,1,22,80,86,31,54,174,341,2,11,34,0,113,2,0,1,0,0,0,3,78,7,3,15,17,60,9,0,0,17,2555,23344,1251,93,305,217,1,4,39],[0,4,0,2,0,0,31,10,7,1,0,5,35,1,0,1,0,2327,0,0,3766,1,16,3,1239,0,3,0,0,0,0,2,0,0,0,4,25,0,0,0,0,0,0,0,0,0,0,0,0,0,0,0,0,0,0,0,0,0,0,0,0,0,0,0,0,0,0,0,0,0,0,0,0,0,0,0,0,0,0,0,0,0,0,0,0,0,0,0,0,0,0,0,0,0,0,0,0,0,0,0,0,0,0,0,0,0,1,0,0,3,0,2,0,3,4,20,0,0,0,0,0,0,0,0,0,22,1,0,0,0,0,0,0,0,0,0,0,0,1,0,0,0,0,0,0,0,0,24,0,0,0,0,0,0,0,0,0,0,0,13,0,0,0,0,3,0,0,0,0,2,0,0,0,0,0,0,0,0,0,0,0,0,0,0,0,0,0,201,996,0,0,0,0,0,0,0],[75,0,4,6,0,0,0,176,3,1,1,4,2,3,1,0,0,0,149,0,0,82,54,0,0,0,2,0,0,0,0,0,1304,0,190,93,11,0,0,0,0,0,0,0,0,0,0,0,0,0,0,0,0,0,0,0,0,0,0,0,0,0,0,0,0,0,0,0,0,0,0,0,0,0,0,0,0,0,0,0,0,0,0,0,0,0,0,0,0,0,0,0,0,0,0,0,0,0,0,0,0,0,5,0,0,0,22,0,2,22,4,4,0,0,0,0,0,0,0,0,4,0,0,0,0,0,5,1,0,1,0,0,0,10,0,0,0,0,0,0,0,0,0,0,0,0,0,0,0,0,0,0,0,0,0,0,0,0,0,4,0,0,0,0,25,0,0,0,0,4,0,0,0,0,0,0,0,0,0,0,0,0,0,0,0,0,0,2270,2392,0,0,0,0,0,0,0],[3,3,77,7,5146,104,22,0,207,244,1007,19,222,371,0,0,0,2,1,362,1,153,2,6275,2,813,402,88,113,12,2627,0,0,5,0,311,0,0,68,1,0,5,0,0,0,1,0,0,0,0,1,0,0,0,0,0,0,0,0,5,3,0,0,0,0,0,0,0,0,2,0,0,4,0,0,0,0,0,1,0,0,0,0,0,0,0,0,0,0,0,0,0,0,0,0,1,0,0,67,0,0,0,182,13,1,0,309,1,14,766,101,4802,36,1012,65,1,0,3,24,14,484,4,0,0,0,30,174,7,122,6,0,3,0,327,1,0,0,0,37,0,0,0,0,0,0,3,2,20,0,0,0,0,0,0,1,0,0,0,0,19,0,0,0,0,196,0,0,0,6,63,0,1,0,0,0,0,1,7,0,0,0,0,111,0,7,0,18,7577,267560,29,0,7,19,0,0,1],[0,0,19,0,0,1,2549,0,1,1,2,6,19,0,2327,0,2,0,35,1,811,1,792,48,3947,1,0,30,20,2,1,794,81,6,0,8,221,0,6,0,12,0,1,0,0,12,0,0,0,0,0,0,3,4,0,7,6,0,0,93,1,0,0,0,8,14,11,0,0,0,0,3,7,0,59,54,14,0,0,1,0,0,0,0,0,84,1,0,41,0,0,0,0,0,15,35,0,1,0,0,0,0,0,0,0,0,0,0,0,0,0,23,0,164,4,11,0,0,0,0,4,0,0,0,0,2108,0,0,65,0,1,0,0,0,0,0,0,1,0,3,1,46,1,0,0,1,16,0,0,0,0,0,0,0,0,0,0,0,0,16,0,0,0,0,4,0,0,0,0,1,0,0,0,0,0,0,0,4,0,0,6,0,1,0,0,0,107,51,151,719,5,0,2,0,0,0],[91,62,0,100,0,1,471,323,7,4,3,0,4,6,0,149,1,35,0,1,0,43,321,2,4,0,10,5,45,0,0,600,144,0,129,1906,5,0,2,0,1,0,0,0,0,0,0,0,0,0,0,0,0,0,0,0,0,0,0,0,0,0,0,0,0,1,0,0,0,0,0,0,0,0,0,0,0,0,0,0,0,0,0,0,0,0,0,0,0,0,0,0,0,0,0,0,1,0,12,0,2,0,4,0,0,0,0,0,1,53,8,12,3,7,1466,8,0,0,0,4,3,1,0,0,0,972,10,3,0,1,0,1,0,15,0,0,0,0,0,0,0,0,0,0,0,0,0,1,0,0,1,0,0,0,0,0,0,0,0,148,0,0,0,0,68,0,0,1,0,49,0,0,0,0,0,0,0,2,0,0,3,0,0,0,0,0,0,11420,19677,336,2,0,0,0,0,0],[3,3,38,9,2731,123,37,1,183,164,1067,5,135,359,0,0,362,1,1,0,1,63,0,2786,0,878,444,68,31,7,722,0,0,2,0,202,0,0,0,1,0,3,0,0,0,0,0,0,0,0,1,0,0,0,0,0,0,0,0,3,1,0,0,0,0,0,0,0,0,1,0,0,0,0,0,0,0,0,1,0,0,0,0,0,0,0,0,0,0,1,0,0,0,0,0,0,0,0,26,0,0,0,45,14,1,0,204,1,10,506,44,15553,25,262,75,14,1,3,25,12,495,1,0,0,0,11,28,8,50,5,0,2,0,131,1,0,0,0,41,7,0,0,0,0,0,3,2,12,0,0,0,1,0,0,20,0,0,0,0,16,0,0,1,1,123,0,0,0,4,46,0,0,0,0,0,0,0,0,0,0,0,0,12,0,7,0,2,1976,121391,13,0,8,22,0,0,1],[482,1377,51,2520,4,3,36,0,61,47,107,277,38968,92,3766,0,1,811,0,1,0,0,0,114,193,0,128,286,683,0,1,103,0,72,0,710,4,0,1,0,0,0,0,0,0,0,0,0,0,0,0,0,0,0,0,0,0,0,0,0,0,0,0,0,0,0,0,0,0,2,0,0,0,0,0,0,0,0,2,0,0,0,0,0,0,0,0,0,0,0,0,0,0,0,0,0,0,0,9,0,0,0,23,111,0,0,297,0,1,237,40,718,4,10254,1,1,0,1,5,1,311,3,0,0,0,1,12,2,48,2,0,1,0,35,0,0,0,0,3,0,0,0,0,0,0,0,0,3,0,0,0,0,0,0,0,0,0,0,0,3,0,0,0,0,24,0,0,1,3,9,0,0,0,0,0,0,0,1,0,0,1,0,0,0,2,0,0,19117,93276,164,1,64,0,0,0,0],[353,159,2,663,4,1,3,149,10,10,54,325,35,13,1,82,153,1,43,63,0,0,43,8,0,60,179,8,202,0,57,0,301,0,73,37,23,0,8,0,385,0,0,0,0,0,0,0,0,0,0,0,0,0,0,0,0,0,0,0,0,0,0,0,0,3,0,0,0,0,0,1,1,0,0,0,0,0,0,0,0,0,0,0,0,0,0,0,0,0,0,0,0,0,0,0,2,0,48,0,9,0,51,0,0,0,161,0,2,540,27,30,16,134,18707,5,0,0,0,5,39,3581,0,0,0,0,41,1,0,1,0,0,0,60,0,0,0,0,0,0,2,0,4,0,0,0,0,6,0,0,0,0,0,0,0,0,0,0,0,9,0,0,0,0,139,0,1,2,0,97,0,0,0,0,0,0,0,3,0,0,4,0,2,0,0,0,0,19186,36067,0,6,1,0,0,0,0],[0,29,0,8,0,0,9,268,13,1,0,4,11,1,16,54,2,792,321,0,0,43,0,5,95,0,4,2,43,0,0,1,138,0,107,8,12,0,3,0,34,0,0,0,0,6,0,0,0,0,0,0,2,0,0,0,0,0,0,0,0,0,0,2,0,8,0,0,0,0,0,0,1,0,0,0,0,0,0,0,0,0,0,0,4,0,0,0,0,0,0,0,0,0,0,0,0,0,1,0,5,0,1,0,0,0,6,0,0,15,1,14,1,17,104,2,0,0,0,0,2,0,0,0,0,13,1,0,0,0,0,0,0,0,0,0,0,0,0,0,1,1,1,0,0,0,7,0,0,0,0,0,0,0,1,0,0,0,0,0,0,0,0,0,6,0,0,0,0,11,0,0,0,0,0,0,0,1,0,0,0,0,1,0,0,0,0,393,711,16,2,7,0,0,0,0],[16,17,1050,94,64,4395,557,3,1246,1035,715,460,465,1455,3,0,6275,48,2,2786,114,8,5,0,2,601,1099,1990,5085,199,1160,0,3,35,1,2562,252,3,248,3,32,79,0,0,0,0,6,0,2,1,7,6,2,0,1,0,0,10,0,22,6,3,3,2,0,21,9,1,0,60,0,29,19,0,0,0,4,0,15,2,0,4,1,0,0,0,1,1,1,3,0,0,2,3,2,2,94,5,556,2,4,2,643,672,31,1,2747,31,143,4144,350,37902,265,3021,468,305,1,106,249,36,3352,12,1,4,1,69,257,136,1619,110,0,47,5,818,27,2,15,0,161,17,10,3,0,0,3,5,17,178,0,0,7,29,0,1,726,1,1,1,1,123,3,3,76,24,1162,0,72,234,199,471,0,9,0,0,0,0,11,135,0,0,12,0,20,0,99,0,6,23078,2626841,1764,123,433,1002,0,0,1],[0,1,0,1,0,1,155,3,15,5,1,0,221,15,1239,0,2,3947,4,0,193,0,95,2,0,0,3,7,8,0,0,1,0,0,0,40,0,0,0,0,0,0,0,0,0,0,0,0,1,0,0,2,0,0,0,0,0,1,0,1,0,1,1,0,0,0,0,0,0,10,0,0,1,0,0,0,0,0,4,1,0,143,0,0,0,102,0,0,0,0,0,0,0,1,0,0,0,0,14,0,0,0,3,40,0,0,35,0,1,33,2,243,1,0,0,0,0,3,11,0,0,0,0,0,0,12,1,16,0,6,0,3,0,2,2,0,0,0,29,0,0,0,0,0,1,0,4,5,0,0,0,0,0,0,0,0,0,0,0,3,0,0,0,0,7,0,0,0,33,7,0,1,0,0,0,0,0,0,0,0,0,0,0,0,5,0,0,162,190,0,0,0,0,0,0,0],[2,2,67,3,1,53,83,0,199,278,107951,68,183,244,0,0,813,1,0,878,0,60,0,601,0,0,3098,50,95,8,2719,0,0,7,0,1153,0,0,0,0,0,0,0,0,0,0,0,0,0,0,0,0,0,0,0,0,0,0,0,1,0,0,0,0,0,0,0,0,0,1,0,0,0,0,0,0,0,0,0,0,0,0,0,0,0,0,0,0,0,0,0,0,0,0,0,0,0,0,54,0,0,0,98,6,81,0,321,0,10,724,78,7754,47,298,21,25,0,1,8,3,324,2,0,0,0,14,65,11,28,4,0,2,0,300,0,0,0,0,16,0,0,0,0,0,0,1,1,6,0,0,0,3,0,0,0,0,0,0,0,33,0,0,10,0,301,0,0,0,3,24,0,0,0,0,0,0,0,0,0,0,0,0,1,0,3,0,0,3878,76135,2,0,2,6,0,0,0],[0,2,192,1,42,83,359,11,423,801,2710,555,2257,638,3,2,402,0,10,444,128,179,4,1099,3,3098,0,2230,488,10,1156,1,15,104,0,308,23,0,26,0,1032,0,3,0,6,26,0,0,0,1,0,1,7,0,3,0,0,0,0,1,19,0,0,3,0,9,5,0,0,0,1,5,12,0,8,0,1,1,0,0,0,0,0,0,8,0,0,0,1,0,0,0,0,0,1,0,4,0,14,3,4,0,12,0,14,1,221,0,8,126,20,1771,5,72,58,9,3,0,2,3,69,1,0,0,0,15,10,5,215,3,12,1,0,41,1,0,1,13,176,90,5,85,8,42,0,13,68,7,1,1,1,1,0,4,8,10,0,0,4,16,15,5,11,27,40,1,3,6,0,26,0,0,0,0,0,0,4,99,4,0,54,22,209,8,1,0,4,442,15954,6174,213,144,51,1,1,0],[1154,11,43150,34,1,7455,3375,2,35582,3141,1907,38,1299,9186,0,0,88,30,5,68,286,8,2,1990,7,50,2230,0,548,772,72,2,0,189,2,27766,0,3,484,4,0,16,0,0,0,0,4,1,1,3,8,3,0,0,0,0,0,9,0,10,3,1,1,1,1,0,0,0,1,23,0,0,4,0,0,0,0,0,9,3,0,2,0,0,0,0,72,0,0,6,0,0,0,3,0,1,21,0,467,2,16,2,1034,821,49,3,4067,8,133,9112,546,131238,296,6291,340,203,43,62,129,45,62829,110,0,9,1,398,608,117,1127,74,0,41,5,3937,13,1,8,0,225,0,2,0,0,0,2,18,11,112,0,0,3,21,0,1,25,1,1,0,1,428,1,1,62,6,4158,0,1,0,64,641,0,4,0,0,0,1,13,0,0,0,0,5,302,5,52,0,62,14476,204859,6818,5,27041,55,1,0,296],[89,164,141,128,0,168,1,51,598,1030,344,13,2776,1759,0,0,113,20,45,31,683,202,43,5085,8,95,488,548,0,25,45,4,0,2,19,1670,145,1,3,21,9,10,0,0,0,2,0,0,0,0,32,7,0,0,0,1,0,17,0,49,22,0,0,0,3,0,0,0,8,6,0,0,0,0,0,2,0,0,8,2,0,0,0,0,0,0,0,0,0,26,0,0,0,0,0,4,0,0,413,17,0,0,239,281,20,0,601,1,143,2868,161,6577,67,1040,2852,33,19,116,886,23,796,14,0,7,0,441,146,184,1072,40,3,40,4,212,42,0,0,0,1602,71,0,0,0,0,9,134,61,278,0,0,0,5,2,0,1,0,16,0,0,69,0,0,1,0,1064,0,8,0,5,590,2,8,0,0,0,11,1,8,4,0,8,1,136,15,220,0,24,1216,114695,1233,0,191,680,0,0,17],[0,0,11111,0,0,644,7640,0,526,37,12,10,4,101,0,0,12,2,0,7,0,0,0,199,0,8,10,772,25,0,11,0,0,372,0,69,1,0,4,0,23,6,0,0,0,3,0,0,0,0,0,0,0,0,0,0,0,0,0,1,0,0,0,0,0,0,0,0,0,3,0,0,0,0,0,0,0,0,1,0,0,0,0,0,0,0,0,0,0,0,0,0,0,0,0,0,1,0,67,0,0,0,54,14,3,0,220,0,10,410,11,38874,2,186,59,25,0,2,11,1,561,8,0,0,0,7,25,9,45,7,0,2,0,30,0,0,0,1,12,7,0,1,0,0,0,1,5,12,0,0,0,7,0,0,1,0,0,0,0,26,0,0,14,0,58,0,0,1,6,30,0,0,0,0,0,0,0,3,0,0,2,0,5,0,3,0,1,1770,2794,150,1,243,2,0,0,0],[1,2,48,4,778,55,67,0,184,178,3593,10,143,305,0,0,2627,1,0,722,1,57,0,1160,0,2719,1156,72,45,11,0,0,0,3,0,504,0,0,6,0,0,5,0,0,0,0,1,0,0,0,1,0,0,0,0,0,0,0,0,66,53,0,0,0,0,0,0,0,0,1,0,0,66,0,0,0,0,0,0,0,0,0,0,0,0,0,0,0,0,0,0,0,0,0,0,11,0,0,21,0,3,0,34,12,5,0,246,1,9,563,32,4935,26,549,50,28,0,2,17,7,4125,0,0,0,0,7,57,5,94,3,0,1,0,938,1,0,0,0,25,2,0,0,0,0,0,2,1,9,0,0,0,0,0,0,0,0,0,0,0,13,0,0,1,0,3538,0,0,0,3,58,0,0,0,0,0,0,0,0,0,0,1,0,30,0,6,0,5,17114,317316,37,0,8,14,0,0,0],[56,91,0,0,0,1,741,0,12,3,0,0,2,14,2,0,0,794,600,0,103,0,1,0,1,0,1,2,4,0,0,0,1,0,0,15,0,0,0,0,0,0,0,0,0,0,0,0,0,0,1,1,0,0,0,0,0,1,0,1,0,0,0,0,0,0,0,0,0,5,0,0,0,0,0,0,0,0,2,0,0,1,0,0,0,0,0,0,0,0,0,0,0,0,0,0,0,0,98,0,0,0,4,36,0,0,20,0,1,38,2,196,1,7,7,0,0,1,8,0,5,0,0,0,0,1,2,7,38,3,0,2,0,5,1,0,0,0,13,1,0,0,0,0,0,0,2,16,0,0,0,0,0,0,0,0,0,0,0,1,0,0,0,0,20,0,0,0,15,46,0,1,0,0,0,0,2,2,0,0,7,0,0,0,4,0,0,10,57,873,0,0,0,0,0,0],[1,59,3,69,0,2,0,240,10,19,3,0,4,22,0,1304,0,81,144,0,0,301,138,3,0,0,15,0,0,0,0,1,0,0,674,767,1,0,0,0,81,0,0,0,0,0,0,0,0,0,1,0,0,0,0,0,0,0,0,0,0,0,0,0,0,0,0,0,0,0,0,0,0,0,0,0,0,0,0,0,0,0,0,0,0,0,0,0,0,0,0,0,0,0,0,0,0,0,52,0,0,0,17,0,0,0,34,4,2,198,20,250,7,70,2703,1,0,0,5,0,13,2,0,0,0,0,48,0,6,1,0,0,0,43,0,0,0,0,1,0,0,0,1,0,0,0,0,2,0,0,0,0,0,0,0,0,0,0,0,3,0,0,0,0,238,0,0,0,0,71,0,0,0,0,0,0,0,0,0,0,1,0,0,0,1,0,0,8300,6279,0,0,0,0,0,0,0],[34,1,14852,1,0,264,291,0,1697,138,55,0,252,495,0,0,5,6,0,2,72,0,0,35,0,7,104,189,2,372,3,0,0,0,0,1750,0,0,0,0,0,27,0,0,0,1,2,0,0,0,3,1,1,0,0,0,0,3,0,5,4,0,0,2,0,0,0,0,0,35,0,0,0,0,0,0,0,0,4,0,0,1,0,0,1,0,0,0,0,1,0,0,0,0,0,0,0,0,284,0,0,1,132,75,17,0,165,1,14,827,57,54377,34,918,284,61,0,81,128,12,3197,6,1,1,1,21,44,23,1169,32,0,10,1,340,1,0,4,0,136,4,1,0,0,1,0,0,18,38,0,0,1,17,0,0,9,0,5,0,1,172,0,0,13,0,2066,0,0,0,21,194,0,1,0,0,0,0,0,2,0,0,1,1,4,0,11,0,1,1810,17580,4,0,6,3,0,0,0],[30,0,0,4,0,0,0,936,3,0,0,0,0,0,0,190,0,0,129,0,0,73,107,1,0,0,0,2,19,0,0,0,674,0,0,40,3,0,1,0,0,0,0,0,0,0,0,0,0,0,0,0,0,0,0,0,0,0,0,0,0,0,0,0,0,0,0,0,0,0,0,0,0,0,0,0,0,0,0,0,0,0,0,0,0,0,0,0,0,0,0,0,0,0,0,0,0,0,0,0,1,0,3,0,0,0,4,0,0,16,1,4,0,34,18,0,0,0,0,0,12,0,0,0,0,0,1,0,0,0,0,0,0,3,0,0,0,0,0,0,0,0,0,0,0,0,0,0,0,0,0,0,0,0,0,0,0,0,0,0,0,0,0,0,10,0,0,0,0,9,0,0,0,0,0,0,0,0,0,0,0,0,0,0,0,0,0,2694,861,0,1,0,0,0,0,0],[384,181,2339,2,10,616,4705,19,4464,20990,584,3067,5488,7559,4,93,311,8,1906,202,710,37,8,2562,40,1153,308,27766,1670,69,504,15,767,1750,40,0,67,0,65,0,129,1,1,0,0,6,0,0,0,0,0,0,19,1,14,4,0,0,0,14,105,0,0,21,3,57,25,0,0,6,4,48,95,0,184,5,5,95,0,0,0,0,0,0,43,0,2,6,21,1,0,0,2,0,9,2,10,3,52,20,45,0,106,4,5,9,452,1,53,874,71,50081,31,350,288,39,20,7,16,10,114,1,0,0,61,99,78,7,521,9,108,1,0,175,3,6,1,162,186,496,55,1568,4,142,0,360,5195,13,27,3,3,1,0,11,69,19,2,2,6,26,26,9,16,53,314,0,3,8,0,65,1,0,0,0,0,0,4,87,0,1,39,16,67,5,10,1,4,2245,19391,5129,270,186,61,13,0,0],[50,22,6,13,0,9,0,20,31,46,14,1,222,71,25,11,0,221,5,0,4,23,12,252,0,0,23,0,145,1,0,0,1,0,3,67,0,0,0,1,10,0,0,0,0,3,0,0,0,0,2,0,0,0,0,0,0,1,0,3,1,0,0,0,0,0,0,0,0,0,0,0,0,0,0,0,0,0,1,0,0,0,0,0,0,0,0,0,0,1,0,0,0,0,0,0,0,0,58,1,0,0,13,16,1,0,37,1,8,165,10,167,4,60,231,15,1,6,50,1,30,3,0,0,0,56,9,11,51,2,0,2,0,12,2,0,0,0,89,26,0,0,0,0,0,7,3,18,0,0,0,0,0,0,0,0,1,0,0,13,0,0,0,0,75,0,0,0,1,40,0,0,0,0,0,1,0,0,0,0,0,0,9,1,11,0,1,430,613,12,0,10,38,0,0,1],[0,0,2,0,0,0,0,0,0,0,0,0,1,0,0,0,0,0,0,0,0,0,0,3,0,0,0,3,1,0,0,0,0,0,0,0,0,0,415,0,4905,0,0,225,0,932453,0,0,0,0,0,0,0,0,0,0,0,0,0,0,9,0,0,3,0,0,0,0,0,0,0,0,57,0,0,0,0,0,0,0,0,0,0,0,0,0,0,0,0,0,0,0,0,0,0,1,0,0,0,0,0,0,0,0,0,0,0,0,0,4928,0,0,0,0,0,30,0,0,0,0,0,0,0,0,0,0,0,0,0,0,0,0,0,0,334,84,0,195,0,35,514,0,23,0,82,1924,0,0,0,0,4,0,0,14,0,32,0,1,20,174,17417,14,0,575,0,0,0,0,0,0,0,0,0,0,0,0,1,101,0,0,10,13,182,0,0,0,0,0,2115,0,0,0,0,0,0,0],[70,7,31,8,0,34,23,4,128,37,10,1,8,99,0,0,68,6,2,0,1,8,3,248,0,0,26,484,3,4,6,0,0,0,1,65,0,415,0,237,414536,588,8,188,8780,34751,1111,0,0,0,83,4,262,0,1,0,0,27,0,222,150,2,1,0,1,4,0,0,1,7,0,0,2652,0,3,14,0,0,19,11,0,2,82,0,13,0,0,0,0,7,0,0,0,1,0,31,0,14,4012,13,84,1,1620,1080,178,0,1802,155,283,10723,496,11674,806,4559,100592,7681,7,202,2140,34,49065,13,0,20,16,314,455,158,1756,176,1,78,8,3600,148664,11347,1249,0,886,2104,69793,1070,1073,0,35977,411933,103899,729,0,0,4,28,1,1,2,0,7,0,1,545,0,1,15,7,12809,269,105,151,66,1846,3,4,66,0,0,6,725,30012,66,0,61643,12690,431,11963,12280,1,594,21168,61116,3541,283,5331,2300,14,0,115],[0,0,1,0,0,0,3,0,0,0,0,1,1,0,0,0,1,0,0,1,0,0,0,3,0,0,0,4,21,0,0,0,0,0,0,0,1,0,237,0,3251,0,0,2,21449,33,0,0,0,0,0,0,0,0,0,0,0,0,0,0,0,0,0,0,0,1,1,0,0,0,0,1,4,0,0,0,0,0,0,0,0,0,0,0,0,0,0,0,0,0,0,0,0,0,0,0,4,1,0,0,2,0,0,0,0,0,2,0,0,25,0,0,45,2,42,7,0,0,0,0,2,0,0,0,4,6,0,0,1,0,6,0,0,4,2,1,0,3,1,4,4,0,1,0,0,10,0,65,0,13,21,0,0,84,642,524,4,0,53,167,729,161,0,1215,1,0,2,9,0,4,0,0,0,0,0,0,1,21,0,0,85,5,72,0,0,0,23,20,265,4814,25,316,433,0,6,11],[0,429,50,50,40,72,73,146,400,62,16,4,85,122,0,0,0,12,1,0,0,385,34,32,0,0,1032,0,9,23,0,0,81,0,0,129,10,4905,414536,3251,0,1165,31113,117,93696,67653,1,0,2,0,2177,15,1,0,5,0,0,1,0,479,324,62,2,0,0,531,0,0,0,31,0,0,249,130,6,1439,0,755,13,3257,230,7,0,0,30,0,18,191,0,346,0,0,0,2,0,67,101,161,13538,2120,0,1,5117,3491,903,0,8090,25,529,34978,3352,19344,1935,14578,248853,11049,4,45,6241,126,62036,134,1,8,0,6085,2634,276,1942,271,0,125,12,6942,265264,6241,1522,6,3987,402,74184,287,0,0,60350,305896,218835,502,0,0,12,108,15,1,79,0,8,1,4,2358,0,2,211,15,60906,119,0,0,136,25504,60,18,50,0,0,1,2334,394,85,0,30968,27983,1058,10774,10793,0,478,179809,429525,3099,775,6449,1086,0,5,152],[0,0,49,1,0,1,0,0,0,0,10,1,16,0,0,0,5,0,0,3,0,0,0,79,0,0,0,16,10,6,5,0,0,27,0,1,0,0,588,0,1165,0,0,1,0,8023,0,0,0,0,0,0,0,0,0,0,0,0,0,117,85,0,0,0,0,11,27,0,0,0,0,0,198,0,3,0,0,0,2,0,0,0,0,0,0,0,0,1,0,0,0,0,0,0,0,21,0,0,1,0,0,0,42,19,12,0,756,0,3,31007,1107,19,60,46,526,83,0,0,0,1,121,14,0,0,0,286,183,4,7,1,1,1,0,5694,4,1,1,14363,4777,2314,11,781,39,0,1,24,0,154,15,6628,13,0,1,66,0,117,2,1,21,100,205,1766,8,480,393,0,0,0,0,86,0,0,0,0,0,0,1,152,0,0,11,0,280,0,4,0,1,293,57421,0,0,2075,1478,0,0,0],[0,0,1,0,0,1,0,0,7,2,0,0,0,4,0,0,0,1,0,0,0,0,0,0,0,0,3,0,0,0,0,0,0,0,0,1,0,0,8,0,31113,0,0,0,1,15,0,0,0,0,278,1,0,0,0,0,0,0,0,19,8,0,0,0,0,0,0,0,0,2,0,0,0,0,0,0,0,0,1,1,0,1,0,0,0,0,0,0,0,0,0,0,0,0,0,2,0,0,248,0,0,0,194,10,7,0,5722,1,19,25,966,143,138,7637,21087,507,0,1,14,30,24158,235,0,0,0,4,1217,11,6,11,0,5,0,850,2434,0,66,0,17,0,0,0,161,0,374,7017,3010,18,0,0,1,2,0,0,0,0,1,0,0,148,0,0,1,0,12646,0,0,0,12,2662,12,0,0,0,0,0,488,20,18,0,398,1077,10,0,10855,0,63,19767,5857,75,0,1293,3,0,0,25],[0,0,0,0,0,0,0,0,0,1,0,0,0,0,0,0,0,0,0,0,0,0,0,0,0,0,0,0,0,0,0,0,0,0,0,0,0,225,188,2,117,1,0,0,17,40,0,0,0,0,0,0,0,0,0,0,0,0,0,9,6,0,0,0,0,0,0,0,0,0,0,0,3,0,0,0,0,0,0,0,0,0,0,0,0,0,0,0,0,0,0,0,0,0,0,1,0,0,12,0,0,0,3,0,3,0,12,0,0,12,5,0,2,1,4,16,0,0,0,0,8,0,0,0,0,2,5,0,0,1,0,0,0,10,0,0,0,0,1,4,0,1,1,0,0,0,0,4,0,0,0,0,0,0,0,0,0,0,0,21,1,0,0,0,76,0,0,0,0,37,0,0,0,0,0,0,0,4,0,1,28,0,0,0,0,0,0,13,2,4,0,0,0,0,0,0],[0,0,0,0,0,0,0,0,6,0,2,0,0,0,0,0,0,0,0,0,0,0,0,0,0,0,6,0,0,0,0,0,0,0,0,0,0,0,8780,21449,93696,0,1,17,0,1492,0,0,0,0,0,0,0,0,0,0,0,0,0,2,2,0,0,0,0,0,0,0,0,0,0,0,2,0,0,0,0,0,0,0,0,0,0,0,0,0,0,0,0,0,0,0,0,0,0,0,0,0,45,0,0,0,239,561,8,0,389,0,62,2257,397,1623,478,387,13594,23,0,0,0,45,374,8,0,0,0,0,183,4,0,22,0,12,1,371,846,23,0,0,0,1,226,0,147,0,186,3499,626,6,0,0,1,0,0,0,0,0,0,0,0,171,0,0,0,1,2072,0,0,0,0,371,0,0,0,0,0,0,1,109,45,0,482,79568,180,0,16427,0,763,1928,11143,3786,851,0,322,0,0,0],[0,0,3,4,0,20,15,0,109,17,3,0,52,94,0,0,1,12,0,0,0,0,6,0,0,0,26,0,2,3,0,0,0,1,0,6,3,932453,34751,33,67653,8023,15,40,1492,0,0,0,0,0,160,0,0,0,0,0,0,0,0,220,161,0,0,17,0,65,0,0,0,0,0,0,157,133,0,780,0,286,0,0,0,0,0,0,0,0,0,24,0,126,42,0,0,0,0,33,18,24,3204,0,0,0,2172,2297,642,0,1431,0,206,17963,5230,30019,1342,7502,149967,17384,0,101,3853,15,34801,1,0,0,0,4701,7280,33,2224,123,0,47,5,7549,91724,2575,2387,0,4111,17,28029,6,160,0,21377,261004,74554,714,0,0,4,138,0,1,0,1,12,0,3,385,0,1,0,8,8071,69,0,0,0,1746,0,0,41,0,0,0,0,14,35,0,47442,4173,302,10273,2891,0,77,60189,70716,1222,429,2034,1218,0,3,66],[0,0,9,0,0,0,1002,0,0,0,0,6,0,0,0,0,0,0,0,0,0,0,0,6,0,0,0,4,0,0,1,0,0,2,0,0,0,0,1111,0,1,0,0,0,0,0,0,4,0,0,0,0,97,0,97376,223,0,0,0,0,0,0,0,3,22,0,27,0,0,0,0,1,7,0,0,0,20,237,0,0,5,0,69,0,0,0,270,0,0,1,1,530,30,0,0,0,327,0,316,65652,367,0,0,0,0,0,0,0,0,0,0,18,0,0,0,3,0,0,0,0,0,0,0,0,0,272,0,0,6124,0,0,0,0,0,0,0,0,0,0,0,0,0,0,0,0,0,0,0,0,0,0,0,0,0,0,1,0,0,0,0,0,0,0,1,5,0,0,0,0,0,0,0,0,0,0,0,0,400,0,0,0,0,52,0,0,0,0,42,152,0,0,0,0,5,0,0],[0,0,0,0,0,0,0,0,1,0,0,0,0,1,0,0,0,0,0,0,0,0,0,0,0,0,0,1,0,0,0,0,0,0,0,0,0,0,0,0,0,0,0,0,0,0,4,0,0,0,0,1,0,0,2135,0,0,0,0,0,0,3,0,5,0,7,0,0,0,2,18,0,0,0,0,0,0,0,0,0,8,0,0,0,0,0,25,1,0,0,0,2,0,0,0,0,197912,102,31,116,1390,0,2,31,0,0,7,0,0,14,2,101,1,17,14,0,0,0,2,0,3,0,0,0,0,0,2,2,27,1,0,0,0,3,0,0,0,0,5,0,0,0,0,0,0,0,1,1,0,0,0,0,0,1,0,0,0,0,0,1,0,0,0,0,2,0,0,0,3,2,0,0,0,0,0,0,0,0,0,0,0,0,0,0,1,0,0,21,8,0,0,0,0,0,0,0],[0,0,1,0,0,0,3,0,0,0,0,0,0,0,0,0,0,0,0,0,0,0,0,2,1,0,0,1,0,0,0,0,0,0,0,0,0,0,0,0,2,0,0,0,0,0,0,0,0,6209,0,0,30046,1,36,465,0,0,0,0,0,0,0,0,4,16862,147,0,0,0,0,3,1,0,0,1,324,0,0,0,0,0,0,23449,14715,0,0,0,22,0,0,0,0,1,6800,0,0,0,0,0,0,0,0,0,0,0,0,0,0,0,0,0,0,21,0,2,0,0,0,0,0,0,0,0,0,1,0,0,8,0,0,0,0,0,0,0,0,0,0,0,0,0,0,0,0,0,0,0,0,0,0,0,0,0,0,0,0,0,0,0,0,0,0,0,0,0,0,0,0,0,0,0,0,0,0,0,0,0,0,0,0,0,0,0,0,0,0,0,6,0,0,0,0,0,0,0],[0,0,17,0,0,0,0,0,1,2,0,0,0,3,0,0,0,0,0,0,0,0,0,1,0,0,1,3,0,0,0,0,0,0,0,0,0,0,0,0,0,0,0,0,0,0,0,0,6209,0,0,80,369257,5,0,13,0,0,0,19,23,0,2,0,2778,157330,135,2,2,0,0,139,53,0,0,0,10086,0,17,0,0,0,0,11631,3997,0,0,1,2,47,0,11,0,2,0,5,0,0,5,0,0,0,88,13,0,0,444,0,11,2235,34,833,5,3866,19,4,0,0,4,0,9687,7,0,0,0,60,10,3,3,4,0,3,0,54,0,0,0,0,0,1,0,0,0,0,0,1,0,0,0,0,3,0,0,1,0,1,0,0,1,484,1,1,0,8,19,0,0,0,0,3,0,0,0,0,0,0,0,0,0,0,0,0,0,0,0,0,0,505,316,0,0,0,0,0,0,0],[0,0,16,0,0,0,45,0,2,2,0,0,1,1,0,0,1,0,0,1,0,0,0,7,0,0,0,8,32,0,1,1,1,3,0,0,2,0,83,0,2177,0,278,0,0,160,0,0,0,0,0,0,7,0,714,0,1,0,0,1,1,0,0,0,0,23,1,0,0,0,156,6,8,45,0,60,0,1067,0,131,441,0,651,0,159,0,1,0,0,0,0,0,460,0,0,0,1041,343,14099,2117,21118,0,7,0,0,0,24,0,20,130,68,3,6,57,1113,38,0,0,35,0,7,0,0,0,0,76,78,0,15,15,0,7,1,100,4,3,0,0,1,8,20,1,42,0,2,5,0,4,0,0,1,0,0,1,32,2,0,0,1,47,3,1,0,8,280,1,1,4,0,174,1,0,0,0,0,0,1,38,0,0,33,5,14,0,0,0,0,194,495,1018,29,6,2,0,0,0],[0,0,4,0,0,0,18,0,1,1,0,0,1,0,0,0,0,0,0,0,0,0,0,6,2,0,1,3,7,0,0,1,0,1,0,0,0,0,4,0,15,0,1,0,0,0,0,1,0,80,0,0,511,801,9123,475,1,0,0,9,15,0,0,47,113,75,18,4,3,23,34,4,8,0,4,12,161,1,0,0,0,0,0,178,647,1,12,482,470,1,2,93,0,29460,24,0,134,5,21,220,200,0,5,1,0,0,91,0,0,25681,2,22,0,1344,6,8,0,0,0,0,54,4,0,0,0,3,0,0,2458,0,1,0,0,34,0,0,0,5,5,5,2,85,1,0,0,20,10,0,23,0,0,0,0,0,1,0,0,0,0,11,1,0,0,1,3,0,0,1,0,2,0,0,0,0,0,0,0,2,0,0,0,0,0,0,0,0,5,36,96,33,4,9,5,0,0,0],[0,0,7,8,0,5,0,0,62,8,1,2,10,10,0,0,0,3,0,0,0,0,2,2,0,0,7,0,0,0,0,0,0,1,0,19,0,0,262,0,1,0,0,0,0,0,97,0,30046,369257,7,511,0,857,0,1766,0,97,0,237,246,0,777,0,15229,55585,4351,4638,773,4,0,13893,331,10,41,1,22395,0,5896,0,0,0,0,8170,52091,0,0,275,8073,25394,0,85,0,517,1546,39,0,61,1510,130,0,0,664,2916,58,0,2793,0,117,12100,528,20365,252,68579,9379,217,0,9,539,10,31699,413,0,4,0,1099,362,37,717,44,3,27,2,1033,28,1,10,0,412,1,7,1,0,0,6,114,21,95,0,0,2,2,0,0,0,1,0,0,1,340,0,0,0,3,649,0,0,0,0,82,0,0,0,0,0,0,0,0,0,0,0,0,6,0,0,0,156,5836,17671,0,0,124,0,0,0,0],[0,0,0,0,0,0,0,0,3,1,0,0,0,11,0,0,0,4,0,0,0,0,0,0,0,0,0,0,0,0,0,0,0,0,0,1,0,0,0,0,0,0,0,0,0,0,0,0,1,5,0,801,857,0,0,0,0,0,0,14,0,1,0,0,0,0,2,0,0,324,0,0,0,0,0,0,7,0,148,0,0,1,0,0,31956,0,0,0,0,0,0,1,0,15466,0,0,0,0,357,4,0,0,79,1704,3,0,1458,0,11,7662,124,2082,216,4160,0,56,0,1,3,0,2955,0,0,0,0,0,108,6,0,9,0,2,0,527,1,0,0,0,16,0,0,0,0,0,0,0,18,4,0,0,0,0,0,0,0,0,0,0,0,28,0,0,0,0,29,0,0,0,7,8,0,0,0,0,0,0,0,1,0,0,0,0,0,0,2,0,0,598,5302,0,0,0,0,0,0,0],[0,0,2,0,0,4,0,0,15,9,1,2,3,4,0,0,0,0,0,0,0,0,0,1,0,0,3,0,0,0,0,0,0,0,0,14,0,0,1,0,5,0,0,0,0,0,97376,2135,36,0,714,9123,0,0,0,20317,0,275,0,169,86,843,0,8,1677,40,0,0,0,0,2220,0,139,11,146,0,0,1279,37,0,334,0,1790,10,0,0,44746,582,0,0,0,329,0,17377,0,25,5099,14383,8722,101,2349,0,316,7799,26,0,882,0,46,7004,295,1124,517,17667,1738,40,0,0,87,4,2341,15,0,0,0,8961,672,22,6074,29,0,15,2,1172,925,20,0,0,226,0,222,0,0,0,196,2103,683,17,129,0,0,1,0,0,0,0,0,0,0,46,0,0,0,0,1349,0,0,0,0,112,0,0,0,0,0,0,0,0,0,0,0,0,1,0,0,0,10,7777,4146,0,0,0,0,0,0,0],[0,0,15,0,0,1,1,0,14,5,1,19,0,13,0,0,0,7,0,0,0,0,0,0,0,0,0,0,1,0,0,0,0,0,0,4,0,0,0,0,0,0,0,0,0,0,223,0,465,13,0,475,1766,0,20317,0,0,1,0,29,18,2,1,0,1853,186,14,0,0,208,0,1,3,0,0,0,938,0,6,1,0,4,0,19,0,0,0,0,559,0,0,13,0,1014,42,3,3,0,4104,925,5,0,140,304,47,0,1041,0,16,564,261,1337,43,17752,2,113,0,4,1111,0,1631,0,0,0,0,3,114,36,2357,17,0,8,0,270,5,0,0,1,61,1,1,22,0,0,2,0,8,10,0,0,1,14,0,0,0,0,0,0,0,99,0,0,4,2,224,0,0,0,30,56,0,1,0,0,0,0,0,0,0,0,1,0,0,0,8,0,0,278,184,76,0,0,0,0,0,0],[0,0,0,0,0,0,0,0,1,0,0,0,0,0,0,0,0,6,0,0,0,0,0,0,0,0,0,0,0,0,0,0,0,0,0,0,0,0,0,0,0,0,0,0,0,0,0,0,0,0,1,1,0,0,0,0,0,0,0,221,61,69,0,0,0,0,0,0,0,2,22,0,0,0,0,556,0,0,0,2,0,3663,0,0,0,214,0,0,0,0,0,0,0,0,0,13,86,0,1085,0,0,0,1,3,0,0,20,0,0,14,2,21,0,4537,0,0,0,0,1,0,4,0,0,0,0,0,1,2,0,1,0,0,0,0,1,0,0,0,5,0,0,0,0,0,0,0,1,1,0,0,0,0,0,0,0,0,0,0,0,2,0,0,0,0,1,0,0,0,4,1,0,0,0,0,0,0,0,0,0,0,0,0,0,0,1,0,0,14,4,0,0,0,0,0,0,0],[0,0,30,0,0,0,284,0,0,0,0,65,2,0,0,0,0,0,0,0,0,0,0,10,1,0,0,9,17,0,0,1,0,3,0,0,1,0,27,0,1,0,0,0,0,0,0,0,0,0,0,0,97,0,275,1,0,0,0,0,0,0,0,0,62,66,63,49,331,0,0,7,2,0,0,1,17,26,0,0,0,0,0,0,102,0,0,0,478,0,0,1320,0,0,2,0,3,0,0,488,38,0,0,0,0,0,4,0,0,15,0,278,0,16,1,4,0,0,0,0,1,2,0,0,0,37,0,0,15732,0,0,0,0,0,0,0,0,0,0,0,0,0,0,0,0,0,0,0,0,0,1,0,0,3,3,6,0,0,2,5,9,3,12,17,9,0,0,1,0,0,0,0,0,0,0,0,0,23,0,0,0,0,1,0,0,0,0,41,283,37,1,4,0,1,0,0],[0,0,0,0,0,0,0,0,0,0,0,0,0,0,0,0,0,0,0,0,0,0,0,0,0,0,0,0,0,0,0,0,0,0,0,0,0,0,0,0,0,0,0,0,0,0,0,0,0,0,0,0,0,0,0,0,0,0,0,125,108,2,0,2765,0,0,0,0,0,0,63,0,146,0,0,0,0,0,0,0,0,0,0,0,0,0,0,8,0,0,0,0,0,0,0,21,0,0,9,0,0,0,3,0,0,0,47,0,1,63,11,5,6,1430,44,0,0,0,0,0,27,0,0,0,0,5,14,1,0,1,0,1,0,61,1,0,0,0,0,0,0,0,0,0,0,6,1,0,174,0,0,0,0,0,0,0,0,0,1,82,0,0,0,1,40,0,0,0,0,26,0,0,0,0,0,0,0,0,0,0,0,0,0,0,0,0,0,186,29,0,0,0,0,0,0,0],[0,0,40,0,2,1,50,0,15,4,1,1,3,11,0,0,5,93,0,3,0,0,0,22,1,1,1,10,49,1,66,1,0,5,0,14,3,0,222,0,479,117,19,9,2,220,0,0,0,19,1,9,237,14,169,29,221,0,125,0,1,0,86666,3138,4,69,31,6,10,0,88,16,2172,0,235,4,29,9,590,0,5,0,1,32,254,0,3,1224,98,0,5773,1,4,0,4,146,76,15,106,6,31,1,173,1316,52,2,481,0,102,899,38,9,66,89633,7168,142,2,0,3,0,7920,2,0,0,0,101,121,65,162,69,20,19,2,315,46,4,0,6783,616,6289,1018,634,211,18515,76,1919,2042,155,1922,11,6,39,0,25,65,61,2,0,46,110,144,43,28,156,62,1,1,5,85,41,1,30,0,0,0,0,119,1624,2,0,11,604,346,44,0,0,5,5268,788,277,18,82,39,0,9,2],[0,0,92,2,1,15,324,0,49,41,2,1,2,33,0,0,3,1,0,1,0,0,0,6,0,0,19,3,22,0,53,0,0,4,0,105,1,9,150,0,324,85,8,6,2,161,0,0,0,23,1,15,246,0,86,18,61,0,108,1,0,21,0,2502,1,63,11,4,0,2,56,4,1832,0,0,15,24,1,174,0,4,0,0,28,2514,0,2,1410,52,21,3955,0,2,47,0,0,61,13,1520,48,24,222,4766,497,103,2,1821,0,194,6559,405,2171,320,9062,6608,9447,0,15,7,8,40578,1423,722,8,63,3778,210,84,143,96,2,44,5,1293,47089,1,1302,4896,6124,4787,3553,2610,217,13235,10239,152914,44325,328,1444,0,3,6,0,1,13,8,1,0,11,458,72,11,12,16,8869,0,1,3,3,674,0,0,0,0,0,0,89,1706,1,0,12,454,307,25,251,0,14,11831,27477,223,6,387,15,0,6,0],[0,0,1,0,0,0,4,0,0,0,0,0,1,0,0,0,0,0,0,0,0,0,0,3,1,0,0,1,0,0,0,0,0,0,0,0,0,0,2,0,62,0,0,0,0,0,0,3,0,0,0,0,0,1,843,2,69,0,2,0,21,0,0,4245,2,1,1,0,0,0,190,0,228,0,0,4,2,142,0,0,217,0,0,0,0,0,189,214893,4,0,575,0,0,0,3,2,968,716,0,121,1012,0,0,0,0,0,0,0,0,0,0,0,0,39,14,5,0,0,0,0,0,0,0,0,0,40,0,0,19,0,0,0,0,0,282,143,0,253,0,27,824,0,2,0,79,2303,0,0,0,0,0,0,0,0,0,0,0,0,0,0,0,0,0,0,1,0,0,0,0,2,0,0,0,0,0,0,0,1,0,0,1,0,0,0,0,0,0,0,922,68,1,0,0,0,0,0],[0,0,1,0,0,0,3,0,1,1,0,1,1,0,0,0,0,0,0,0,0,0,0,3,1,0,0,1,0,0,0,0,0,0,0,0,0,0,1,0,2,0,0,0,0,0,0,0,0,2,0,0,777,0,0,1,0,0,0,86666,0,0,0,0,1,15,317,40,359,0,0,9,2,0,1,1,252,0,0,0,0,0,0,0,2,0,0,0,1389,0,0,0,0,0,3,0,0,0,0,0,0,0,0,0,0,0,0,0,0,0,0,2,0,46,0,3,0,0,0,0,0,0,0,0,0,0,4,1,33,0,0,0,0,0,0,0,0,1,0,0,0,0,0,0,0,0,0,0,0,0,0,0,0,0,0,1,0,0,1,38,1,0,0,2,6,0,0,0,0,0,0,0,0,0,0,0,0,0,0,0,0,0,0,0,0,0,0,0,9,0,1,0,0,0,0,0],[0,0,30,1,0,2,0,0,7,7,0,8,0,2,0,0,0,0,0,0,0,0,2,2,0,0,3,1,0,0,0,0,0,2,0,21,0,3,0,0,0,0,0,0,0,17,3,5,0,0,0,47,0,0,8,0,0,0,2765,3138,2502,4245,0,0,0,67,0,0,0,0,28272,0,2022,0,126,0,0,0,3,0,7,0,0,4,0,0,4,28483,0,0,228,24,0,8211,0,479,0,2581,5150,0,0,0,828,481,174,0,2692,0,56,11511,1660,1422,1885,3215,11852,1306,0,0,0,35,7347,16,0,0,0,12333,4093,34,8,24,0,14,1,12440,3742,135,178,0,46768,6,1189,0,0,0,826,13600,2337,50,22824,0,2,30,0,1,0,1,0,0,3,209,0,1,0,7,4313,0,0,0,0,1066,0,0,0,0,0,0,0,0,0,0,0,0,0,0,0,0,0,13762,64453,0,0,0,0,0,0,0],[0,0,0,0,0,2,2,0,11,1,0,0,0,5,0,0,0,8,0,0,0,0,0,0,0,0,0,1,3,0,0,0,0,0,0,3,0,0,1,0,0,0,0,0,0,0,22,0,4,2778,0,113,15229,0,1677,1853,0,62,0,4,1,2,1,0,0,4203,271,0,0,19815,0,4,3,0,0,0,6350,0,64,1,0,3,0,124,3851,0,31,0,2607,0,0,0,0,868,609,0,49,0,152,39,28,0,17,534,1,0,215,0,2,602,10,2527,19,3259,1,4,0,4,12,1,275,0,0,0,0,4,9,22,316,11,0,4,0,37,5,0,0,1,65,2,2,83,0,0,2,0,12,11,0,0,0,0,0,0,15,0,0,0,0,26,0,0,0,1,13,0,0,0,30,10,0,1,0,0,0,0,0,1,0,0,1,0,0,0,8,0,0,321,393,57,1,5,9,0,0,0],[3,6,3,28,0,8,0,2,38,16,1,1,4,37,0,0,0,14,1,0,0,3,8,21,0,0,9,0,0,0,0,0,0,0,0,57,0,0,4,1,531,11,0,0,0,65,0,7,16862,157330,23,75,55585,0,40,186,0,66,0,69,63,1,15,67,4203,0,3215,72,0,39,12,3592,84,54,1,0,4520,0,279,2,1,1,0,9273,83275,0,504,21,426,2090,0,24,0,60,9519,11,143,23,3196,113,51,0,1060,2236,30,0,1470,26,67,20980,682,8759,483,8397,31439,453,1,7,110,20,26645,40,0,8,0,4990,556,44,154,35,0,19,1,928,6,0,0,4,116,22,0,0,5,0,1,9,29,127,0,0,1,12,0,0,1,0,2,0,1,126,0,0,25,1,1648,0,0,0,14,276,0,1,0,0,0,0,2,3,0,0,46,2,27,0,30,0,1,8381,26685,225,0,487,19,0,0,1],[0,0,2,1,0,4,0,0,17,9,0,1,1,19,0,0,0,11,0,0,0,0,0,9,0,0,5,0,0,0,0,0,0,0,0,25,0,0,0,1,0,27,0,0,0,0,27,0,147,135,1,18,4351,2,0,14,0,63,0,31,11,1,317,0,271,3215,0,5865,2122,23,0,553,9,0,2,0,1021,0,1567,1,0,1,0,16,1992,0,0,0,4751,375726,0,1,0,2,0,3,0,0,142,1,0,0,128,483,15,0,349,0,22,4027,54,3620,51,2156,58,8,0,7,27,2,1828,170,0,1,0,22,353,38,1004,19,0,8,1,303,4,0,1,0,69,0,1,0,0,0,1,3,6,35,0,0,1,11,0,0,1,0,1,0,0,92,0,0,30,1,800,0,0,0,22,31,0,1,0,0,0,0,0,0,0,0,0,0,34,0,8,0,7,1018,16383,3,0,5,6,0,0,0],[0,0,0,0,0,0,0,0,2,1,0,0,0,17,0,0,0,0,0,0,0,0,0,1,0,0,0,0,0,0,0,0,0,0,0,0,0,0,0,0,0,0,0,0,0,0,0,0,0,2,0,4,4638,0,0,0,0,49,0,6,4,0,40,0,0,72,5865,0,904,0,0,96,8,0,0,0,2480,0,64,0,0,0,0,0,1768,0,0,0,9491,4179,0,0,0,0,0,1,0,11,0,0,0,0,318,1,0,0,293,0,5,2899,292,11602,235,994,706,25,0,0,0,3,613,0,0,0,0,30,469,2,2266,2,0,0,0,2004,0,0,0,0,0,0,0,0,0,0,0,0,0,9,0,0,0,0,0,0,0,0,0,0,0,32,0,0,0,0,75,0,0,0,0,17,0,0,0,0,0,0,0,0,0,0,0,0,0,0,0,0,0,270,3065,0,0,0,0,0,0,0],[0,0,0,0,0,0,19,0,1,1,0,0,0,1,0,0,0,0,0,0,0,0,0,0,0,0,0,1,8,0,0,0,0,0,0,0,0,0,1,0,0,0,0,0,0,0,0,0,0,2,0,3,773,0,0,0,0,331,0,10,0,0,359,0,0,0,2122,904,0,0,0,62,0,0,0,0,40,1,369,0,0,0,0,0,0,0,0,0,2748,193,0,0,0,0,0,0,1,0,4,0,0,0,7,0,0,0,25,0,2,12,2,2091,1,801,0,1,0,0,0,0,77,0,0,0,0,0,0,0,22421,2,0,0,0,11,0,0,0,0,0,0,0,0,0,0,0,0,0,0,0,0,0,0,0,0,0,0,0,0,0,14,0,0,0,0,0,0,0,0,0,0,0,0,0,0,0,0,0,0,0,0,0,0,0,0,0,0,0,20,77,0,1,0,0,0,0,0],[0,0,134,0,0,0,111,0,0,1,2,6,13,0,0,0,2,0,0,1,2,0,0,60,10,1,0,23,6,3,1,5,0,35,0,6,0,0,7,0,31,0,2,0,0,0,0,2,0,0,0,23,4,324,0,208,2,0,0,0,2,0,0,0,19815,39,23,0,0,0,0,5,17,0,3,30,51,0,0,0,0,0,0,0,2498,3,3,1,74,0,0,517,0,0,138,0,0,5,0,0,0,0,0,0,0,0,16,0,0,20,0,0,0,364,5,29,0,0,0,0,3,0,0,0,0,3,0,0,125,0,3,0,0,1,0,0,0,0,0,2,0,1,3,0,0,0,0,1,0,0,0,0,0,0,0,0,0,0,0,3,0,0,0,0,8,0,0,0,0,0,0,0,0,0,0,0,0,2,1,0,0,0,1,0,0,0,0,4,164,0,9,1,0,0,0,0],[0,0,2,2,0,3,0,0,13,6,1,1,24,10,0,0,0,0,0,0,0,0,0,0,0,0,1,0,0,0,0,0,0,0,0,4,0,0,0,0,0,0,0,0,0,0,0,18,0,0,156,34,0,0,2220,0,22,0,63,88,56,190,0,28272,0,12,0,0,0,0,0,0,68,0,63,0,0,10,3,0,0,0,0,3,0,0,270,334,0,47,65604,20,0,5923,0,13,19918,32537,5655,274,158,0,376,0,14,0,1064,0,21,2408,462,647,500,475,35904,250,0,0,1,20,861,1,0,0,0,4574,490,24,324,11,0,5,0,1024,767,16,0,6,148,1,171,0,0,0,160,1721,449,82,132,0,1,2,0,0,0,0,0,0,0,143,0,0,0,0,4560,0,0,0,0,850,0,0,0,0,0,0,0,0,0,0,0,0,67,0,0,0,14,8495,24170,0,0,0,0,0,0,0],[1,2,4,1,0,7,0,0,25,12,1,0,2,20,0,0,0,3,0,0,0,1,0,29,0,0,5,0,0,0,0,0,0,0,0,48,0,0,0,1,0,0,0,0,0,0,1,0,3,139,6,4,13893,0,0,1,0,7,0,16,4,0,9,0,4,3592,553,96,62,5,0,0,3,0,1,0,194,0,13,0,0,0,0,62,1379,0,0,0,0,68314,0,0,0,0,0,1,0,0,223,1,0,0,63,30,5,0,95,4,7,2182,40,724,28,316,97,2,1,7,37,2,648,2,0,1,0,11,204,17,688,8,0,3,0,158,5,0,0,0,60,0,1,0,0,0,1,11,6,40,0,0,0,1,0,0,0,0,1,0,0,23,0,0,0,0,584,0,0,0,3,37,0,0,0,0,0,0,0,0,0,0,0,0,23,0,14,0,5,495,8287,4,0,3,14,0,0,0],[1,3,22,2,1,7,0,1,33,9,3,1,7,23,0,0,4,7,0,0,0,1,1,19,1,0,12,4,0,0,66,0,0,0,0,95,0,57,2652,4,249,198,0,3,2,157,7,0,1,53,8,8,331,0,139,3,0,2,146,2172,1832,228,2,2022,3,84,9,8,0,17,68,3,0,0,501,9,45,1,119,1,5,5,1,67,244,0,3,1103,16,111,2966,0,4,753,0,370,93,21,422,5,48,8,449,244,131,23,964,11,139,3216,130,3270,110,2516,8306,738,2,312,153,5,3705,1,16,344,4,129,167,254,340,170,59,75,10,781,1469,57,56,5090,7366,6434,1092,11,423,5396,4,13,508,1717,1456,0,7,73,1,0,81,0,2,1,1,349,124,0,246,2,559,0,0,0,21,87,0,1,0,0,0,0,91,3068,1,0,21,404,223,0,1159,0,1406,1272,866,275,2,4,21,0,4,1],[0,0,0,0,0,0,0,0,1,0,0,0,0,0,0,0,0,0,0,0,0,0,0,0,0,0,0,0,0,0,0,0,0,0,0,0,0,0,0,0,130,0,0,0,0,133,0,0,0,0,45,0,10,0,11,0,0,0,0,0,0,0,0,0,0,54,0,0,0,0,0,0,0,0,0,0,0,224,0,0,13,0,1,0,0,0,0,0,0,0,0,0,91,0,0,0,73,75,28641,23,189,0,0,0,0,0,19,0,0,0,0,0,0,0,0,0,0,0,0,0,3,0,0,0,0,0,0,0,0,0,0,0,0,0,0,0,0,0,0,0,0,0,2,0,0,0,0,0,0,0,0,0,0,0,0,0,0,0,0,0,0,0,0,0,0,0,0,0,0,2,0,0,0,0,0,0,0,0,0,0,3,0,0,0,0,0,0,0,0,74,0,0,0,0,0,0],[0,0,0,0,0,1,1,0,29,8,0,0,0,13,0,0,0,59,0,0,0,0,0,0,0,0,8,0,0,0,0,0,0,0,0,184,0,0,3,0,6,3,0,0,0,0,0,0,0,0,0,4,41,0,146,0,0,0,0,235,0,0,1,126,0,1,2,0,0,3,63,1,501,0,0,0,0,0,172,0,0,0,0,0,0,0,0,1141,0,0,76,0,0,0,0,0,0,0,199,0,0,0,303,4692,36,0,1516,0,40,8468,264,294888,218,114499,5495,386,0,1,6,28,139670,0,0,0,0,17515,378,33,960,29,0,9,1,1188,1,0,0,139,9824,610,1,66,2,0,0,193,702,73,355,0,1,12,0,0,0,0,0,0,0,112,0,0,0,0,105,0,0,0,121,46,0,0,2,0,0,0,0,268,0,0,0,0,0,0,1,0,2,7769,8017,0,0,0,0,0,0,0],[0,0,0,0,0,1,0,0,14,2,0,1,0,8,0,0,0,54,0,0,0,0,0,0,0,0,0,0,2,0,0,0,0,0,0,5,0,0,14,0,1439,0,0,0,0,780,0,0,1,0,60,12,1,0,0,0,556,1,0,4,15,4,1,0,0,0,0,0,0,30,0,0,9,0,0,0,0,0,7,205,0,34,0,0,0,0,0,0,0,0,0,0,0,2,0,0,6,0,173,1,1,0,21,64,1,0,266,0,8,285,14,393,4,7257,15,9,0,6,15,0,312,1,0,0,0,3,36,31,3,17,0,6,0,10,10,0,0,0,93,2,2,0,16,0,3,0,11,15,0,0,0,1,0,0,9,0,0,0,1,16,0,0,1,0,30,0,0,0,79,28,0,2,0,0,0,0,1,10,0,0,31,0,0,0,24,0,14,252,46,1073,1,13,0,0,0,0],[0,0,0,0,0,1,0,0,54,3,0,0,4,8,0,0,0,14,0,0,0,0,0,4,0,0,1,0,0,0,0,0,0,0,0,5,0,0,0,0,0,0,0,0,0,0,20,0,324,10086,0,161,22395,7,0,938,0,17,0,29,24,2,252,0,6350,4520,1021,2480,40,51,0,194,45,0,0,0,0,0,6081,1,0,3,1,7898,15782,0,0,136,6119,1927,0,28,0,63,193,5,0,0,126,91,0,0,50,139,4,0,296,0,14,1008,23,9493,9,21758,75,8,0,7,61,1,1256,10,0,1,0,17,20,42,124,19,0,9,1,56,5,0,0,0,86,1,1,0,0,0,2,2,9,17,0,0,0,3,0,0,0,0,0,0,0,52,0,0,7,1,34,0,0,0,34,14,0,1,0,0,0,0,0,0,0,0,0,0,0,0,10,0,0,446,387,1,0,1,2,0,0,0],[0,0,2,12,0,0,47,0,27,3,0,0,1,8,0,0,0,0,0,0,0,0,0,0,0,0,1,0,0,0,0,0,0,0,0,95,0,0,0,0,755,0,0,0,0,286,237,0,0,0,1067,1,0,0,1279,0,0,26,0,9,1,142,0,0,0,0,0,0,1,0,10,0,1,224,0,0,0,0,0,22,20945,0,534,0,0,0,0,0,0,0,0,0,0,0,0,0,7101,8,84513,1920,72563,0,112,217,9,0,1102,0,11,330,71,1405,52,2013,9881,0,0,0,698,9,76,298,0,0,0,329,29,12,9029,9,0,2,0,139,0,0,0,0,0,0,0,0,7,0,0,0,0,11,0,0,0,0,0,0,0,0,0,0,0,15,0,0,0,0,3384,0,0,0,0,3079,0,0,0,0,0,0,0,1,0,0,9,0,0,0,6,0,0,501,1796,0,0,0,0,0,0,0],[0,0,51,0,0,0,146,0,15,0,0,3,4,0,0,0,1,0,0,1,2,0,0,15,4,0,0,9,8,1,0,2,0,4,0,0,1,0,19,0,13,2,1,0,0,0,0,0,0,17,0,0,5896,148,37,6,0,0,0,590,174,0,0,3,64,279,1567,64,369,0,3,13,119,0,172,7,6081,0,0,0,0,0,0,142,21,1,1,41,12534,0,0,0,0,0,34,115,1,1,0,1,1,0,0,0,0,0,3,0,0,11,0,29,0,128,2,9,0,0,0,0,3,0,0,0,0,12,0,0,71,0,1,0,0,0,11,0,0,88,0,46,32,62,2,99,7,178,105,0,8,0,0,0,0,2,2,4,0,0,2,4,6,2,0,10,2,0,0,0,0,0,0,0,0,0,0,0,0,15,0,0,1,0,1,0,0,0,0,33,122,146,4,6,40,0,0,0],[0,0,1,0,0,0,4,0,1,0,0,0,0,0,0,0,0,1,0,0,0,0,0,2,1,0,0,3,2,0,0,0,0,0,0,0,0,0,11,0,3257,0,1,0,0,0,0,0,0,0,131,0,0,0,0,1,2,0,0,0,0,0,0,0,1,2,1,0,0,0,0,0,1,0,0,205,1,22,0,0,1,1,0,0,0,7,0,0,2,0,0,0,5,0,2,0,2,1,1713,0,32,0,15,66,0,0,0,0,4,49,8,21,21,4657,2799,16,0,0,0,0,1446,0,0,0,0,0,3,1,5,2,0,0,0,8,0,0,0,0,0,6,2,0,27,0,0,1,0,0,0,0,0,0,0,0,5,0,0,0,0,13,1,0,0,1,774,0,2,0,0,109,0,0,0,0,0,0,9,49,0,0,152,45,2,10,0,0,0,1417,25,8894,35,13,0,0,0,0],[0,0,0,1,0,1,0,0,1,2,0,0,0,0,0,0,0,0,0,0,0,0,0,0,0,0,0,0,0,0,0,0,0,0,0,0,0,0,0,0,230,0,0,0,0,0,5,8,0,0,441,0,0,0,334,0,0,0,0,5,4,217,0,7,0,1,0,0,0,0,0,0,5,13,0,0,0,20945,0,1,0,0,15,0,0,0,583,0,0,0,21,0,0,0,0,1,4356,21,9412,2642,13092,0,12,2,0,0,32,0,0,77,20,14,4,24,4237,0,0,0,27,1,15,0,0,0,0,13,26,1,416,0,0,0,0,22,0,0,0,0,0,0,0,0,2,0,0,0,0,1,0,0,0,0,0,0,0,0,0,0,0,2,0,0,0,0,255,0,0,0,0,154,0,0,0,0,0,0,0,0,0,0,2,0,0,0,0,0,0,120,293,0,0,0,0,0,0,0],[0,0,2,0,0,0,6,0,0,0,0,0,1,0,0,0,0,0,0,0,0,0,0,4,143,0,0,2,0,0,0,1,0,1,0,0,0,0,2,0,7,0,1,0,0,0,0,0,0,0,0,0,0,1,0,4,3663,0,0,0,0,0,0,0,3,1,1,0,0,0,0,0,5,0,0,34,3,0,0,1,0,0,0,0,0,2993,1,0,5,0,0,0,0,0,4,0,14,1,1,0,0,0,0,0,0,0,2,0,0,2,0,0,0,91,0,3,0,0,0,0,2,0,0,0,0,0,0,0,11,0,0,0,0,0,0,0,0,0,0,0,0,0,1,0,0,0,0,0,0,0,0,0,0,0,0,0,0,0,0,13,0,0,0,0,0,0,0,0,0,0,0,0,0,0,0,0,0,1,0,0,0,0,0,0,0,0,0,2,10,0,2,0,0,0,0,0],[0,0,0,0,0,0,47,0,1,0,0,0,0,0,0,0,0,0,0,0,0,0,0,1,0,0,0,0,0,0,0,0,0,0,0,0,0,0,82,0,0,0,0,0,0,0,69,0,0,0,651,0,0,0,1790,0,0,0,0,1,0,0,0,0,0,0,0,0,0,0,0,0,1,1,0,0,1,534,0,0,15,0,0,0,0,0,0,0,0,0,0,3,132,0,0,0,17,0,24121,8509,1456,0,21,0,0,0,41,0,3,0,5,5,16,10,0,3,0,0,0,7,0,0,0,0,0,17,17,1,520,1,0,0,0,14,0,0,0,0,0,0,0,0,0,0,0,0,0,0,0,0,0,1,0,0