[[0,585,2,3,0,2,4,0,29,3463,17,5,1777,0,8,101,6,14,143,1,500,360,3,3,1,5,2,551,0,0,9,473,24,46,79,1396,113,0,7,3,0,0,0,0,0,0,0,0,0,0,0,0,0,0,0,0,0,0,0,1,8,0,0,0,0,0,0,0,0,0,0,0,9,0,0,0,0,0,0,0,0,0,0,0,0,0,1,0,0,0,0,0,0,0,0,1,0,0,0,0,0,0,0,0,0,0,0,0,0,17,3,0,0,3,0,3,0,0,0,0,21,0,0,0,0,87,3,1,0,0,0,0,1,0,2,0,0,0,0,0,13,0,2,0,1,0,1,1,0,0,0,0,0,0,0,0,0,0,0,16,0,0,0,1,50,0,0,2,0,0,0,0,0,0,0,0,1,30,0,0,12,4,410,0,27,0,0,690,2808,270,0,0,14,0,3,0],[585,0,3,3,0,0,4,0,1,287,2,4,1870,2,21,0,5,6,71,0,1090,176,111,0,5,4,0,3,1,0,8,216,43,0,0,169,13,0,2,2,182,0,21,0,4,0,0,0,0,0,0,0,0,0,0,0,0,0,0,1,8,0,0,0,0,0,0,0,0,0,0,0,9,0,0,0,0,0,0,0,0,0,0,0,0,0,2,0,0,0,0,0,0,0,0,1,0,0,5705,0,0,0,0,0,0,0,0,0,0,0,0,0,0,5,407,2,0,0,32,0,27,0,0,0,0,13155,4,2,25,0,0,0,1,0,2,0,0,0,0,0,64,0,2,0,3,14,1,2,0,0,0,0,0,0,20,1,0,0,0,4,1,0,0,2,48,0,0,2,0,24,0,0,0,0,0,0,1,9,0,0,12,1,0,0,17,0,0,433,1183,103,0,0,7,0,2,0],[2,3,0,13,4,74403,12647,2,33172,993,9,710,1392,1697,2,1,154,8,3,43,192,2,0,1431,3,57,187,42347,98,37571,85,12,1,1670,0,743,7,12,674,52,16,49,4,0,0,0,264,0,1,1,30,39,15,0,14,67,0,31,0,6,299,0,0,1,13,195,115,0,3,181,1,39,40,0,58,7,0,69,36,19,3,0,7,0,0,0,19,0,7,0,1,0,0,0,4,6,32,0,6056,2,1,32,825,1634,213,1,1989,0,307,33400,270,11275,164,10842,1757,949,271,8,684,28,220,143,4,5,0,2024,102,6,2838,1114,917,96,54,622,3,5,9,7,2244,43,13,803,0,0,1,65,0,415,16,944,86,63,140,257,1590,443,65,171,360,41,292,0,732,425,1532,0,4,20,22,676,0,6,0,0,0,0,1,290,2,67,115,40,406,1,548,2,37,1811,4724,2143,4,1892,2636,0,40,10],[3,3,13,0,1,1,2,5,2,1,31,78,52,8,7,9,10,0,97,2,699,675,19,39,6,5,5,14,0,0,12,1,41,0,2,8,7,0,3,1,7,2,1,0,0,0,1,0,0,0,1,0,0,0,0,0,0,0,0,2,6,0,0,0,0,11,0,0,0,0,0,0,7,0,0,0,0,0,0,0,1,0,0,0,11,0,2,0,0,0,0,0,0,0,0,0,0,0,96,0,2,0,6,1,1,0,27,10,0,34,4,26,2,35,8,10,0,0,18,0,19,0,0,0,0,17,2,7,2,11,0,0,0,9,0,0,0,0,5,0,3,1,0,0,0,3,0,11,0,0,0,0,0,1,5,1,0,1,0,1,1,0,0,1,127,0,0,4,0,17,0,0,0,0,0,0,0,8,0,0,1,0,42,0,15,0,0,333,3547,21,0,62,7,0,1,0],[0,0,4,1,0,179,2,0,2,3,11,0,20,3,0,0,5612,0,0,841,0,2,0,246,0,15,20,1,5,0,1059,0,0,0,0,5,0,0,2,2,0,0,0,0,0,0,0,0,0,0,0,0,0,0,0,0,0,0,0,1,0,0,0,0,0,2,1,0,0,0,0,0,3,0,0,0,0,0,0,0,0,0,0,0,0,0,0,0,0,0,0,0,0,0,0,0,0,0,18,0,0,0,12,1,0,0,11,2,1,27,2,9,2,6,260,4,0,0,2,0,7,2,0,0,0,8,1,0,4,1,0,0,0,4,0,0,0,0,4,0,0,7,0,0,0,0,0,2,0,0,0,0,0,0,0,0,0,0,0,2,0,0,0,0,40,0,0,0,0,10,0,0,0,0,0,0,0,6,0,0,8,2,2,0,14,0,0,389,8348,182,3,4,9,0,2,0],[2,0,74403,1,179,0,8528,1,4400,440,54,186,100,380,0,0,75,2,2,31,1,0,0,1341,0,24,42,2923,34,1321,46,0,3,111,0,396,3,2,348,5,7,0,1,0,0,4,4,1,0,2,0,2,1,0,7,3,0,0,0,2,17,0,0,0,4,12,11,0,0,0,3,1,9,0,0,1,1,0,0,0,2,0,0,0,2,0,12,0,1,0,0,0,0,0,1,1,0,0,98,0,3,0,136,2,8,0,507,0,19,1448,65,4925,181,327,4,8,1,0,5,3,1025,3437,0,1,0,180,95,4,27,16,6,8,1,764,0,0,2,2,9,9,6,200,0,2,3,2,0,9,1,3,2,0,4,5,52,10,2,3,3,3,7,0,5,9,186,0,0,6,0,54,0,0,0,0,0,0,0,24,0,0,6,3,228,1,36,0,25,749,13123,120,1,124,186,0,6,0],[4,4,12647,2,2,8528,0,0,1936,1382,45,728,3,391,126,0,233,248,667,79,0,22,0,598,121,195,21,5880,1,6060,269,677,0,5638,0,672,24,0,3298,191,146,0,23,0,3,0,4698,4,0,0,15,26,0,0,1177,71,0,39,0,43,2670,3,0,0,13,86,422,0,29,0,0,2,317,0,6,0,0,446,31,1,402,0,0,0,0,0,57,0,109,0,0,2,0,0,3,19,10,2,4542,0,37,0,455,485,141,3,6181,0,170,15415,270,4311,87,1003,4770,425,50,1,1187,6,1230,0,1,0,0,1478,203,137,27457,2142,38,37,17,628,2,1,0,3,341,16,131,842,4,0,9,105,507,72,0,61,39,0,71,141,1036,261,24,84,30,65,165,0,39,156,680,0,2,105,0,502,1,0,0,3,0,0,1,1129,0,2,170,55,1547,0,1863,10,154,2015,37132,15362,2,79566,566,0,145,432],[0,0,2,5,0,1,0,0,0,0,0,0,5,2,0,83,1,0,158,0,0,140,410,0,7,0,7,0,2,0,1,0,6,0,669,0,8,0,0,0,24,0,3,0,1,0,0,0,0,0,0,0,0,0,0,0,0,0,0,0,1,0,0,0,0,0,0,0,0,0,0,0,1,0,0,0,0,0,0,0,0,0,0,0,0,0,1,0,0,0,0,0,0,0,0,0,0,0,12,0,0,0,4,0,0,0,18,0,1,66,6,9,4,7,2572,1,0,0,17,0,16,0,0,0,0,25,6,0,0,0,0,0,0,49,0,0,0,0,0,0,10,0,0,0,1,3,0,1,0,0,0,0,0,0,0,0,0,0,0,0,0,0,0,0,42,0,0,1,0,57,0,0,0,0,0,0,0,1,0,0,1,0,0,0,2,0,0,1192,3317,0,0,0,1,0,0,0],[29,1,33172,2,2,4400,1936,0,0,1624,396,1570,112,2764,4,0,327,3,6,134,13,6,28,747,60,144,80,20730,117,461,334,0,3,840,2,3695,16,0,29,27,146,10,22,1,7,1,3,5,0,5,0,6,4,0,15,2,0,0,0,16,111,1,0,2,3,2,3,2,0,2,7,0,74,0,30,1,22,1,0,1,18,1,1,2,7,1,40,5,0,0,5,0,0,1,6,5,2,1,71,0,6,9,6,1,44,10,151,0,33,55,10,131,2,569,367,28,10,0,68,0,750,2,5,0,0,39,195,62,8,213,1,17,10,79,4,2,0,2,4,1,79,10,2,0,32,66,49,28,0,19,9,1,33,29,251,48,8,26,13,91,31,2,23,43,1762,4,1,37,2,43,2,0,1,139,0,0,1,174,0,1,47,20,87,27,205,0,2,1877,5897,718,20,183,593,0,18,0],[3463,287,993,1,3,440,1382,0,1624,0,505,322,568,15867,1,0,235,2,1,167,138,0,1,946,1,131,1792,1430,425,65,156,4,0,34,0,77589,22,70,11,14,11,3,3,1,0,1,41,1,0,2,1,5,3,0,34,10,0,0,0,3,84,3,0,0,3,11,15,0,0,3,2,1,15,0,6,0,0,1,0,0,7,0,1,0,1,1,22,0,1,0,0,0,0,0,1,1,0,3,275,0,1,8,282,206,28,3,2338,0,41,4636,631,59577,230,1534,3687,69,2,0,31,20,3097,55,0,0,0,2465,782,0,180,117,8,17,2,2078,13,1,0,1,6,13,26,135,2,0,1,23,0,28,6,27,7,1,14,16,97,25,10,13,4,7,16,0,13,20,1127,0,1,20,9,144,0,0,3,0,0,0,3,63,0,1,16,5,23,2,58,0,1,4785,72905,325,3,119,113,3,22,17],[17,2,9,31,11,54,45,0,396,505,0,137,406,174,0,0,771,2,0,15731,67,11,0,690,1,64637,1269,786,113,15,93,1,0,4,0,67,7,25,6,5,3,20,0,1,2,0,5,0,0,1,1,4,0,0,5,6,0,0,0,1,5,0,0,0,1,2,2,0,0,1,1,0,6,0,0,0,0,0,0,0,0,0,1,0,0,0,5,0,1,0,0,0,0,0,0,0,0,1,81,0,0,0,45,9,16,0,196,3,9,708,31,648,15,129,21,13,1,0,8,1,270,5,0,0,0,153,34,0,35,31,4,4,1,119,0,0,0,0,7,1,2,21,0,0,2,4,0,24,0,6,1,0,3,9,34,8,2,3,2,1,5,0,3,5,134,0,0,7,0,22,0,0,0,0,0,0,0,14,0,0,1,0,29,0,13,0,1,969,17810,10,472,27,62,0,21,1],[5,4,710,78,0,186,728,0,1570,322,137,0,1827,598,0,0,15,3,1,39,379,236,3,2443,0,0,323,0,3141,81,2,3,1,46,0,1809,0,0,119,0,0,1,0,0,0,0,205,0,7,0,0,8,2,2,120,193,0,51,0,0,2,0,2,8,3,7,164,0,0,28,0,3,1,0,0,2,1,0,4,0,0,2,8,2,1,8,0,0,6,0,0,0,0,0,1,0,1,4,623,1,0,0,242,198,77,1,696,1,79,5164,95,11266,111,1324,166,75,2,8,45,5,5425,71,0,0,0,295,96,3,377,20,4,33,1,768,1,0,1,0,86,13,0,41,0,2,0,0,0,37,53,3,1,12,0,3,4,0,0,0,0,69,0,1,0,0,130,0,0,0,6,37,0,1,0,0,0,0,0,11,0,0,0,0,65,1,0,0,7,2164,68776,3,3,32,0,0,23,0],[1777,1870,1392,52,20,100,3,5,112,568,406,1827,0,48,275,1,363,0,7,127,36589,76,58,532,128,153,637,871,16131,7,199,2,7,231,0,1137,832,3,746,25,37,8,4,0,1,1,17,2,7,2,2,3,5,0,13,1,0,0,0,4,22,0,0,0,1,5,9,0,0,0,15,0,23,0,6,1,0,0,0,1,3,0,4,2,0,0,13,0,0,1,1,0,0,0,0,2,0,0,172,0,0,7,583,85,154,4,2949,0,10,2073,25,15469,25,192,92,45,5,0,19,4,4972,323,0,0,9,1957,94,60,19,24,24,4,6,121,0,7,0,2,29,20,18,51,0,6,1,19,14,4,3,9,3,1,5,20,75,19,7,13,5,12,12,0,11,15,23,0,0,11,1,10,0,0,0,3,0,0,1,184,0,4,39,16,381,6,105,0,41,1716,132048,818,0,214,299,0,19,0],[0,2,1697,8,3,380,391,2,2764,15867,174,598,48,0,0,0,225,1,3,91,14,6,2,510,34,108,82,3326,64,40,223,2,5,145,0,1208,27,6,17,17,25,0,5,1,1,0,8,2,0,0,0,0,1,2,5,3,0,0,0,9,59,0,0,0,0,3,3,3,0,0,3,1,41,0,9,2,0,0,0,0,0,0,1,0,3,0,36,0,0,1,0,0,0,0,0,4,0,1,18,0,1,14,29,0,44,4,579,0,36,976,67,58519,16,176,259,1,1,0,48,3,8738,1,1,0,0,135,53,39,83,89,0,12,5,346,1,0,0,4,61,0,27,0,2,0,2,38,8,1,0,40,9,1,16,26,258,49,8,19,9,26,31,1,23,41,97,0,1,34,0,35,1,0,0,0,0,0,1,82,0,1,21,11,24,5,77,0,6,421,17046,444,16,90,236,1,21,38],[8,21,2,7,0,0,126,0,4,1,0,0,275,0,0,0,0,1219,190,0,0,16,141,2,535,0,2,1,1,10,1,56,0,1,0,6,9,0,0,0,0,0,0,0,0,0,0,0,0,0,0,0,0,0,0,0,0,0,0,0,0,0,0,0,0,0,0,0,0,0,0,0,0,0,0,0,0,0,0,0,0,0,0,0,0,0,0,0,0,0,0,0,0,0,0,0,0,0,0,0,0,0,0,1,0,0,6,0,0,5,1,2,0,104,0,8,0,0,0,0,3,0,0,0,0,4,1,0,0,0,0,0,0,1,0,0,0,0,0,0,0,0,0,0,0,0,0,24,0,0,0,0,0,0,0,0,0,0,0,4,0,0,0,0,4,0,0,0,0,1,0,0,0,0,0,0,0,0,0,0,0,0,0,0,0,0,0,314,2325,0,0,0,0,0,0,0],[101,0,1,9,0,0,0,83,0,0,0,0,1,0,0,0,0,0,169,0,0,57,57,24,1,0,0,0,0,0,0,0,605,0,197,2,10,0,0,0,0,0,0,0,0,0,0,0,0,0,0,0,0,0,0,0,0,0,0,0,0,0,0,0,0,0,0,0,0,0,0,0,0,0,0,0,0,0,0,0,0,0,0,0,0,0,0,0,0,0,0,0,0,0,0,0,0,0,0,0,0,0,2,0,0,0,5,0,1,15,2,3,0,0,0,0,0,0,0,0,2,0,0,0,0,7,1,0,0,0,0,0,0,15,0,0,0,0,0,1,0,0,0,0,0,0,0,0,0,0,0,0,0,0,0,0,0,0,0,0,0,0,0,0,19,0,0,0,0,3,0,0,0,0,0,0,0,0,0,0,0,0,0,0,0,0,0,1734,3476,0,0,0,0,0,0,0],[6,5,154,10,5612,75,233,1,327,235,771,15,363,225,0,0,0,1,1,1544,9,157,1,8341,1,369,466,34,461,37,1,5,3,16,0,355,0,0,358,1,1,6,0,0,0,2,0,0,1,0,1,3,0,3,0,9,0,1,0,13,2,0,0,1,5,12,9,0,0,4,0,3,59,0,0,1,2,0,1,1,0,3,0,0,0,15,0,0,6,0,0,0,0,0,2,5,4,1,119,1,0,0,188,28,1,0,473,2,12,1512,93,1624,35,1160,86,38,3,2,12,14,1122,7,0,0,0,276,157,1,79,2,3,4,0,815,2,0,1,0,38,21,0,18,0,4,0,0,0,37,1,0,0,0,0,0,6,0,0,0,0,9,0,0,0,0,1292,0,0,0,10,68,0,3,0,0,0,0,0,53,1,0,0,0,198,2,1,0,18,11086,320205,5,9,30,326,0,1,0],[14,6,8,0,0,2,248,0,3,2,2,3,0,1,1219,0,1,0,11,0,168,0,760,1,3877,0,0,2,1,0,1,19,0,0,0,10,26,0,13,2,0,0,0,0,0,0,0,0,0,0,0,0,1,0,0,0,0,0,0,1,1,0,0,0,1,3,2,0,0,0,0,0,5,0,42,0,0,0,1,0,0,4,0,1,1,21,1,0,3,0,0,0,0,0,0,4,0,0,2,0,0,0,2,1,0,0,20,0,0,53,3,24,1,75,15,1,0,0,4,0,8,0,0,0,0,274,2,3,52,0,0,0,0,3,0,0,0,0,0,0,1,21,0,0,0,1,4,0,0,0,0,0,0,0,0,0,0,0,0,11,0,0,0,0,3,0,0,0,0,3,0,0,0,0,0,0,0,9,0,0,8,3,6,0,16,0,18,55,227,213,0,247,9,0,2,2],[143,71,3,97,0,2,667,158,6,1,0,1,7,3,190,169,1,11,0,0,0,48,133,1,1,1,4,4,15,16,3,2585,476,1,144,1766,5,0,2,2,0,0,0,0,0,0,0,0,0,0,0,0,0,0,0,0,0,0,0,0,1,0,0,0,0,0,0,0,0,0,0,0,1,0,0,0,0,0,0,0,0,0,0,0,0,0,2,0,0,0,0,0,0,0,0,0,0,0,19,0,0,0,4,0,0,0,28,0,2,94,18,18,3,4,1077,3,0,0,6,3,16,1,0,0,0,404,8,0,0,0,0,1,0,49,0,0,0,0,0,0,1,0,0,0,0,1,0,1,0,0,0,0,0,0,0,0,0,0,0,1,0,0,0,0,63,0,0,1,0,38,0,0,0,0,0,0,0,8,0,0,8,2,0,0,15,0,0,9507,32104,169,0,0,9,0,2,0],[1,0,43,2,841,31,79,0,134,167,15731,39,127,91,0,0,1544,0,0,0,1,24,0,1187,0,73,498,75,119,12,128,0,0,5,1,185,5,0,36,2,0,2,0,0,0,0,0,0,0,0,0,0,0,0,0,0,0,0,0,2,3,0,0,0,0,0,0,0,0,0,0,0,10,0,0,0,0,0,0,0,0,0,0,0,0,1,2,0,0,0,0,0,0,0,0,1,0,0,21,0,0,0,40,1,8,0,143,0,5,542,36,1423,20,143,4,18,0,0,0,3,404,1,0,0,0,111,20,1,7,1,0,2,1,210,0,0,0,0,3,27,1,6,0,7,0,1,0,3,2,0,0,0,0,0,2,1,0,0,0,2,0,0,0,0,237,0,0,7,0,13,0,0,0,0,0,0,0,12,0,0,3,1,19,0,8,0,2,2592,99887,62,0,17,24,0,2,1],[500,1090,192,699,0,1,0,0,13,138,67,379,36589,14,0,0,9,168,0,1,0,0,0,58,10,8,40,171,267,0,15,179,0,51,0,467,96,0,3,2,0,0,0,0,0,0,0,0,0,0,0,0,0,0,0,0,0,0,0,1,3,0,0,0,0,0,0,0,0,0,0,0,4,0,0,0,0,0,1,0,0,0,0,0,0,0,2,0,0,0,0,0,0,0,0,0,0,0,0,0,0,0,12,45,0,0,246,0,1,205,44,148,0,4501,0,28,0,0,0,0,131,1,0,0,0,185,2,2,0,0,0,0,0,51,0,0,0,0,0,1,0,0,0,0,0,0,0,0,0,0,0,0,0,0,4,0,0,0,0,2,0,0,0,1,19,0,0,2,0,3,0,0,0,0,0,0,0,7,0,0,4,1,0,0,13,0,0,9013,83960,89,0,43,8,0,1,0],[360,176,2,675,2,0,22,140,6,0,11,236,76,6,16,57,157,0,48,24,0,0,71,7,1,29,75,2,15,0,55,0,180,0,73,3,20,0,0,1,172,0,19,0,4,0,0,0,0,0,0,0,0,0,0,0,0,0,0,0,2,0,0,0,0,0,0,0,0,0,0,0,3,0,0,0,0,0,0,0,0,0,0,0,0,0,3,0,0,0,0,0,0,0,0,0,0,0,67,0,0,0,43,0,0,0,199,0,1,710,36,40,16,76,6723,14,0,0,3,2,78,3727,0,0,0,252,18,0,0,0,0,0,1,95,0,0,0,0,0,0,48,0,0,0,1,12,0,6,0,0,0,0,0,0,0,0,0,0,0,1,0,0,0,0,111,0,0,6,0,58,0,0,0,0,0,0,0,7,0,0,7,0,0,0,6,0,0,14123,88519,0,0,0,6,0,1,0],[3,111,0,19,0,0,0,410,28,1,0,3,58,2,141,57,1,760,133,0,0,71,0,5,95,0,1,0,0,0,1,0,26,0,82,2,7,0,0,0,6,0,1,0,0,0,0,0,0,0,0,0,0,0,0,0,0,0,0,0,1,0,0,0,0,0,0,0,0,0,0,0,0,0,0,0,0,0,0,0,0,0,0,0,0,0,0,0,0,0,0,0,0,0,0,0,0,0,3,0,0,0,3,0,0,0,27,0,1,36,0,43,0,29,64,0,0,0,5,0,7,0,0,0,0,12,2,0,0,1,0,0,0,14,0,0,0,0,0,0,3,0,0,0,0,1,2,1,0,0,0,0,0,0,0,0,0,0,0,0,0,0,0,0,2,0,0,0,0,5,0,0,0,0,0,0,0,1,0,0,0,0,0,0,1,0,0,809,2972,5,0,2,1,0,0,0],[3,0,1431,39,246,1341,598,0,747,946,690,2443,532,510,2,24,8341,1,1,1187,58,7,5,0,46,765,237,1577,842,19,1817,0,6,191,0,974,284,7,60,120,106,0,18,1,2,0,33,2,2,102,1,9,6,0,31,16,0,3,0,45,248,1,0,0,4,30,35,1,0,7,0,1,239,0,15,0,8,2,1,0,1,1,5,0,2,0,142,0,1,0,1,0,0,0,1,15,1,1,281,0,0,2,295,142,114,11,1081,0,80,3850,142,2909,88,1491,453,65,4,0,79,14,895,6,0,0,0,503,108,22,75,151,14,29,44,717,7,0,1,8,46,4,127,274,1,0,8,133,0,49,1,181,11,2,18,92,222,67,23,25,9,79,38,0,17,35,698,0,8,824,1,171,1,0,2,0,0,0,2,660,0,0,22,16,145,19,409,0,5,14019,1942051,422,10,716,681,1,133,363],[1,5,3,6,0,0,121,7,60,1,1,0,128,34,535,1,1,3877,1,0,10,1,95,46,0,0,4,0,7,3,0,101,0,0,0,16,1,0,0,0,0,0,0,0,0,0,0,0,18,0,0,43,0,57,0,166,4,3,0,0,0,0,1,0,96,15,91,0,1,43,0,2,0,0,0,19,32,0,14,6,0,48,0,0,0,382,0,0,131,0,0,2,0,4,37,0,0,0,87,1,0,0,8,30,1,0,48,3,2,148,5,1,4,12,42,14,2,4,10,1,0,0,0,0,0,10,3,0,301,0,9,5,0,10,6,1,0,0,48,1,0,1,4,0,1,0,1,29,0,0,0,0,0,0,0,0,0,0,0,3,0,0,0,0,65,0,0,0,117,33,0,22,0,0,2,0,0,0,5,0,0,0,1,0,0,0,0,481,637,0,0,21,0,0,0,0],[5,4,57,5,15,24,195,0,144,131,64637,0,153,108,0,0,369,0,1,73,8,29,0,765,0,0,1097,0,194,13,539,3,1,8,0,445,0,0,3,0,0,0,0,0,0,0,0,0,0,1,0,2,9,1,0,4,0,0,0,0,0,0,0,0,6,5,9,5,0,1,0,1,1,0,0,0,2,0,0,0,0,1,0,1,0,3,0,0,2,0,0,0,0,0,1,0,2,0,63,0,0,0,59,11,20,0,131,0,5,720,47,748,30,186,28,17,1,1,4,1,194,2,0,0,0,103,36,2,25,1,1,2,0,180,1,0,0,0,19,3,0,0,0,0,0,0,0,12,0,0,0,0,0,0,0,0,0,0,0,5,0,0,0,0,169,0,0,0,2,23,0,1,0,0,0,0,0,0,0,0,0,0,9,1,0,0,1,2319,41640,5,3,30,0,0,0,0],[2,0,187,5,20,42,21,7,80,1792,1269,323,637,82,2,0,466,0,4,498,40,75,1,237,4,1097,0,844,57,5,589,0,3,30,0,65,12,0,30,24,183,6,22,1,7,0,9,1,0,1,0,3,1,0,8,1,0,0,0,1,28,0,0,0,0,1,8,0,0,0,0,0,9,0,8,0,0,0,0,0,1,1,2,0,0,0,7,0,0,0,0,0,0,0,0,0,0,0,24,0,0,3,4,0,23,2,29,0,4,88,3,286,2,32,37,19,1,0,6,1,106,0,0,0,0,20,3,7,25,32,2,2,3,28,1,0,1,0,58,11,59,23,0,3,2,30,20,2,1,9,3,1,6,10,66,18,8,6,3,16,11,0,9,13,12,0,1,6,0,5,0,0,0,0,0,0,0,113,0,1,88,27,98,6,158,0,1,237,3191,1851,58,51,160,1,23,8],[551,3,42347,14,1,2923,5880,0,20730,1430,786,0,871,3326,1,0,34,2,4,75,171,2,0,1577,0,0,844,0,530,766,7,11,2,157,4,14381,0,11,673,3,1,6,0,0,1,2,15,0,3,33,3,6,12,5,36,108,0,4,0,1,3,0,0,0,10,21,32,0,0,19,0,4,3,0,0,2,5,1,4,4,1,6,4,0,3,25,296,0,10,0,0,0,0,0,3,0,4,0,344,4,0,0,620,315,16,1,3272,2,64,7834,266,22538,146,3420,137,133,53,8,33,17,22695,69,0,3,0,935,239,19,361,10,53,28,3,2633,4,0,4,1,95,11,2,30,1,0,1,4,1,77,7,2,0,3,3,3,1,0,0,0,0,43,1,1,0,0,2276,0,0,0,15,305,0,3,0,0,0,0,0,3,1,0,0,6,298,6,13,0,40,6895,100436,4202,16,22145,23,1,4,151],[0,1,98,0,5,34,1,2,117,425,113,3141,16131,64,1,0,461,1,15,119,267,15,0,842,7,194,57,530,0,7,421,0,23,1,0,357,3099,2,49,37,12,3,2,0,0,0,0,0,0,0,0,0,0,0,0,0,0,0,0,12,116,0,0,0,0,0,2,0,0,0,0,0,89,0,0,0,0,0,0,0,0,0,0,0,0,0,58,0,0,0,0,0,0,0,0,5,0,0,25,0,0,0,16,3,0,1,17,0,3,552,1,44,1,39,51,6,2,0,9,0,165,0,0,0,1,0,0,6,13,29,4,1,19,0,0,0,0,0,13,0,44,2,0,0,3,50,5,22,0,0,1,0,1,2,8,3,2,2,0,12,2,0,1,3,16,0,5,180,0,8,0,0,0,0,0,0,0,205,0,0,21,6,103,0,187,0,20,62,111350,464,0,29,196,0,34,0],[0,0,37571,0,0,1321,6060,0,461,65,15,81,7,40,10,0,37,0,16,12,0,0,0,19,3,13,5,766,7,0,30,47,0,517,0,27,2,0,281,10,21,1,3,0,0,0,1,0,0,0,1,0,0,0,0,0,0,2,0,2,12,0,0,0,0,2,21,0,0,0,0,0,15,0,0,0,0,0,2,0,0,0,1,0,0,0,9,0,7,1,0,0,0,0,0,1,0,0,158,0,0,0,58,19,1,0,403,0,15,1213,30,895,7,40,264,11,3,0,77,0,301,1,0,0,0,137,23,1,896,2,2,3,1,97,0,0,0,0,5,1,9,0,0,0,0,11,8,5,0,5,4,1,7,15,122,26,3,7,4,4,17,0,15,19,63,0,0,7,0,53,0,0,0,0,0,0,0,57,0,0,2,0,150,0,45,0,14,203,4258,958,0,5785,1037,0,8,33],[9,8,85,12,1059,46,269,1,334,156,93,2,199,223,1,0,1,1,3,128,15,55,1,1817,0,539,589,7,421,30,0,5,7,8,1,330,0,0,85,0,2,10,0,0,0,1,13,0,0,0,2,3,0,2,5,5,0,1,0,26,0,0,0,0,4,19,12,0,1,3,0,6,123,0,0,1,1,1,1,1,0,1,0,0,0,10,0,0,5,1,0,0,0,0,2,10,9,1,135,2,0,0,50,43,2,0,247,3,8,1291,37,1149,23,538,155,46,5,4,19,2,1952,2,0,0,0,150,47,1,100,1,4,5,0,966,3,0,2,1,73,45,1,18,0,11,0,1,1,40,3,1,0,0,0,0,0,0,0,0,0,6,0,0,0,0,2838,0,0,0,6,96,1,2,0,0,0,1,0,13,1,0,0,0,80,4,3,0,6,10790,227736,23,21,139,0,0,0,1],[473,216,12,1,0,0,677,0,0,4,1,3,2,2,56,0,5,19,2585,0,179,0,0,0,101,3,0,11,0,47,5,0,0,4,0,5,1,0,13,9,2,0,0,0,0,0,0,1,0,0,0,0,0,0,0,0,0,0,0,3,16,0,0,0,0,0,0,0,0,0,0,0,20,0,1,0,0,0,0,0,0,0,0,0,0,0,6,0,0,0,0,0,0,0,0,1,0,1,0,0,0,0,3,0,0,1,18,0,1,7,2,31,2,311,0,0,0,0,0,0,58,0,0,0,0,7814,2,17,0,1,0,1,1,9,3,1,0,0,0,0,13,0,3,0,2,0,1,2,0,0,0,0,0,0,0,0,0,0,0,8,0,0,0,1,62,0,0,1,0,6,0,0,0,0,0,0,1,37,0,1,41,13,0,0,81,0,0,580,1462,854,1,0,41,0,8,0],[24,43,1,41,0,3,0,6,3,0,0,1,7,5,0,605,3,0,476,0,0,180,26,6,0,1,3,2,23,0,7,0,0,0,744,4,13,0,0,1,4,0,0,0,0,0,0,0,0,0,0,0,0,0,0,0,0,0,0,0,3,0,0,0,0,0,0,0,0,0,0,0,3,0,0,0,0,0,0,0,0,0,0,0,0,0,2,0,0,0,0,0,0,0,0,0,0,0,9,0,0,0,10,0,0,0,49,0,1,244,24,32,6,16,708,1,0,0,13,1,38,0,0,0,0,116,13,0,0,0,0,0,1,106,0,0,0,0,0,0,5,0,0,0,0,2,0,1,0,0,0,0,0,0,0,0,0,0,0,0,0,0,0,0,122,0,0,5,0,53,0,0,0,0,0,0,0,6,0,0,0,0,0,0,3,0,0,4863,19257,0,0,0,4,0,1,0],[46,0,1670,0,0,111,5638,0,840,34,4,46,231,145,1,0,16,0,1,5,51,0,0,191,0,8,30,157,1,517,8,4,0,0,0,2,1,0,59,1,0,17,0,0,0,0,24,0,0,1,1,1,0,0,6,3,0,1,0,0,43,0,0,0,1,8,9,0,0,7,0,1,4,0,5,0,0,4,1,0,0,0,1,0,0,1,2,0,1,0,1,0,0,0,0,0,1,0,242,0,0,1,77,42,32,3,79,0,8,1645,37,8118,24,534,113,48,3,4,42,2,960,11,0,0,0,180,16,1,292,190,8,5,1,261,0,0,1,1,58,3,6,57,0,1,0,6,20,28,1,169,1,3,3,7,14,10,81,45,3,31,7,1,7,6,575,0,0,4,1,117,0,0,0,0,0,0,0,14,0,0,0,0,36,0,7,0,3,520,599,108,0,647,17,0,1,4],[79,0,0,2,0,0,0,669,2,0,0,0,0,0,0,197,0,0,144,1,0,73,82,0,0,0,0,4,0,0,1,0,744,0,0,26,3,0,0,0,0,0,0,0,0,0,0,0,0,0,0,0,0,0,0,0,0,0,0,0,0,0,0,0,0,0,0,0,0,0,0,0,0,0,0,0,0,0,0,0,0,0,0,0,0,0,0,0,0,0,0,0,0,0,0,0,0,0,0,0,0,0,3,0,0,0,5,0,1,18,1,4,1,24,69,23,0,0,5,0,5,0,0,0,0,16,1,0,0,1,0,0,0,7,0,0,0,0,0,0,1,0,0,0,0,0,0,0,0,0,0,0,0,0,0,0,0,0,0,0,0,0,0,0,10,0,0,0,0,6,0,0,0,0,0,0,0,1,0,0,0,0,0,0,1,0,0,2814,4371,0,0,0,0,0,0,0],[1396,169,743,8,5,396,672,0,3695,77589,67,1809,1137,1208,6,2,355,10,1766,185,467,3,2,974,16,445,65,14381,357,27,330,5,4,2,26,0,26,6,67,30,20,48,3,0,0,0,758,0,1,2,6,15,2,3,61,40,0,4,0,2,218,11,0,0,16,51,64,0,13,12,1,3,23,0,40,1,2,150,3,0,7,3,1,0,0,14,25,0,11,0,1,1,0,0,4,1,0,1,1322,0,2,4,153,163,56,11,1342,0,50,4824,114,5025,33,385,605,203,30,1,53,5,251,1,0,0,26,414,54,61,14473,383,96,14,22,209,4,0,0,5,21,62,236,863,0,15,12,734,1863,36,4,48,6,0,27,27,112,34,34,52,5,65,21,0,15,25,257,0,1,10,7,87,0,1,0,0,0,0,0,163,0,2,120,39,46,5,310,4,2,2083,24518,2624,84,21,226,0,27,3],[113,13,7,7,0,3,24,8,16,22,7,0,832,27,9,10,0,26,5,5,96,20,7,284,1,0,12,0,3099,2,0,1,13,1,3,26,0,0,1,0,1,0,0,0,0,4,0,0,0,0,1,1,0,0,0,1,0,0,0,0,0,0,0,0,1,10,5,0,0,0,0,3,1,0,0,0,1,0,0,0,0,0,0,0,0,2,0,0,2,1,0,0,0,0,1,0,5,1,83,1,1,0,9,9,1,0,25,2,1,229,6,17,4,30,92,25,2,2,5,1,3,1,0,0,0,87,7,0,14,0,1,1,0,14,3,0,1,1,35,24,0,6,0,5,0,0,1,17,1,0,0,0,0,0,0,0,0,0,0,7,0,0,0,0,65,0,0,0,1,26,0,0,0,0,0,0,0,0,0,0,0,0,19,2,0,0,1,321,985,4,7,19,0,0,0,0],[0,0,12,0,0,2,0,0,0,70,25,0,3,6,0,0,0,0,0,0,0,0,0,7,0,0,0,11,2,0,0,0,0,0,0,6,0,0,13,2,20665,1568511,2,1196,0,2455865,0,0,0,0,0,0,0,0,0,0,0,0,0,123,357,0,0,0,0,0,0,0,0,0,0,0,603,0,0,4,0,0,0,0,0,0,0,0,0,0,0,0,0,0,0,0,0,0,0,46,0,2,0,0,0,0,1901,25,0,0,275,0,0,0,0,0,0,1816,6960,178,0,4,0,1,196,0,0,0,0,2974,50,144,0,22,0,0,146,0,1187,246,0,91,35,51,5639,0,295,0,890,14944,463,4100,0,0,150,77,2,223,0,351,37,20,133,18713,65277,98,0,3499,0,3,0,0,0,0,0,0,0,0,0,0,0,28,0,0,110,33,0,0,74,0,0,0,19752,0,19,0,13,0,2,0],[7,2,674,3,2,348,3298,0,29,11,6,119,746,17,0,0,358,13,2,36,3,0,0,60,0,3,30,673,49,281,85,13,0,59,0,67,1,13,0,133,713832,99,227,1,5210,83335,1872,24,1,1,14,7,1,4,867,17,1,2,0,76,782,1,0,0,10,24,9,0,0,6,262,166,5676,1,124,26,13,11,23,146,0,7,0,16,106,43,293,5,46,13,0,0,0,1,2,181,2,15,1249,4,33,0,1038,312,1137,7,659,0,390,11261,337,1042,428,2662,51034,2377,9,18,1125,60,11972,3,1,0,0,733,612,57,563,220,16,81,17,2013,65132,14341,193,17,394,4148,488,2032,17499,1,4165,80152,16110,237,5,6,7,7,1,13,92,43,3,10,2,121,28,3,0,63,6872,390,0,1154,31,1153,355,2,24,0,0,2,562,38223,1886,2256,16458,17892,588,12872,52993,269,267,13901,54724,812,4704,4021,720,204,20,36],[3,2,52,1,2,5,191,0,27,14,5,0,25,17,0,0,1,2,2,2,2,1,0,120,0,0,24,3,37,10,0,9,1,1,0,30,0,2,133,0,11461,1,0,14,63317,80,0,0,0,0,10,4,0,1,0,23,0,1,0,3,1,0,0,0,5,25,23,0,0,1,0,3,11,1,0,11,4,0,2,95,0,2,0,0,0,13,0,1,2,2,0,0,0,0,1,1,14,3,259,4,2,1,217,50,149,0,213,6,84,2154,63,192,106,568,421,166,15,344,57,5,393,2,5,0,5,305,61,81,47,39,31,36,13,108,26,2,12,5,4016,75,0,34,4,0,1,18,5,161,0,0,6,239,1,0,187,1,0,0,4,5072,1,174,125,32,874,0,0,2,4,332,1,1,0,0,0,1,0,1,25,0,0,23,274,388,0,0,33,1190,3657,64,1150,641,3,132,0,6],[0,182,16,7,0,7,146,24,146,11,3,0,37,25,0,0,1,0,0,0,0,172,6,106,0,0,183,1,12,21,2,2,4,0,0,20,1,20665,713832,11461,0,1057,27368,981,122219,576074,9,3,4,1,1199,20,16,16,0,36,1,0,0,73,15,0,0,0,22,1557,15,0,0,8,85,125,414,58,0,530,5,967,1,2139,72,19,87,6,3,109,75,185,12,127,0,0,0,2,6,29,1490,225,9959,1278,0,0,1902,602,142,0,1930,1,209,16636,962,2042,457,2809,29598,2545,7,1,2135,29,14005,25,0,0,0,2053,445,0,1349,15,9,74,2,2026,64986,2846,185,64,735,876,18617,475,24202,0,217,1220,12788,173,15,7,7,5,10,20,317,84,2,6,3,60,61,1,3,53,16322,149,0,10,30,9685,2,6,3,0,1,0,1,2129,89,1,11195,18042,756,15525,34622,1,277,59687,179384,1642,498,3318,259,0,19,20],[0,0,49,2,0,0,0,0,10,3,20,1,8,0,0,0,6,0,0,2,0,0,0,0,0,0,6,6,3,1,10,0,0,17,0,48,0,1568511,99,1,1057,0,0,3,0,313,0,0,0,0,0,0,0,0,0,0,0,0,0,17,107,0,0,0,0,0,0,0,0,0,0,0,101,0,1,0,0,0,0,0,0,0,0,0,0,0,0,0,0,0,0,0,0,0,0,7,0,0,4,0,0,0,0,92,22,0,394,0,1,4446,539,15,104,1193,1583,275,0,0,0,1,5071,8,0,0,0,0,0,38,0,7,0,13,39,1454,1,6,0,17908,9414,14,369,0,12,0,31,336,7,603,0,6645,398,4,3,31,3,33,17,0,16,1263,24,8,16,68,877,0,0,0,0,257,0,0,0,0,0,0,0,159,0,0,3,0,132,0,99,0,7,445,36161,0,1,0,2356,0,0,0],[0,21,4,1,0,1,23,3,22,3,0,0,4,5,0,0,0,0,0,0,0,19,1,18,0,0,22,0,2,3,0,0,0,0,0,3,0,2,227,0,27368,0,0,0,1,6627,0,0,1,0,544,3,0,2,0,8,0,0,0,7,0,0,0,0,4,260,2,0,0,2,0,16,38,8,0,92,1,124,0,410,11,5,0,0,2,35,0,22,2,13,0,0,0,0,1,3,221,0,1700,189,1,0,393,58,16,0,11134,1,39,39948,2269,219,226,8079,24724,462,2,0,173,22,14002,374,0,0,0,3158,1894,1,136,3,2,13,0,2015,7179,251,32,3,73,4367,0,2452,2002,0,0,0,1187,33,0,0,0,0,0,0,1,0,0,0,0,0,0,0,0,0,16980,12,0,0,7,3782,45,1,0,0,0,0,126,0,56,0,0,3906,136,1936,0,1,103,37278,23848,586,139,2335,0,0,0,21],[0,0,0,0,0,0,0,0,1,1,1,0,0,1,0,0,0,0,0,0,0,0,0,1,0,0,1,0,0,0,0,0,0,0,0,0,0,1196,1,14,981,3,0,0,1,127,0,0,0,0,1,0,0,0,0,0,0,0,0,16,20,0,0,0,0,1,0,0,0,0,0,0,88,0,0,0,0,1,0,1,0,0,0,0,0,0,0,0,0,0,0,0,0,0,0,7,1,0,38,1,0,0,6,0,2,0,31,0,1,40,5,2,2,4,20,7,0,0,1,0,15,0,0,0,0,13,3,0,0,1,0,0,0,17,26,2,0,0,0,3,0,2,8,0,1,13,6,11,9,0,0,0,0,0,0,0,0,0,0,41,1,1,0,1,132,0,0,0,0,54,0,0,0,0,0,0,0,1,0,0,2,11,1,12,5,0,0,38,73,0,0,2,0,0,0,0],[0,4,0,0,0,0,3,1,7,0,2,0,1,1,0,0,0,0,0,0,0,4,0,2,0,0,7,1,0,0,0,0,0,0,0,0,0,0,5210,63317,122219,0,1,1,0,2707,0,0,0,0,24,0,0,0,0,0,0,0,0,2,1,0,0,0,0,31,0,0,0,0,0,3,9,1,0,12,0,17,0,47,2,0,0,0,0,0,5,4,0,2,0,0,0,0,0,1,30,0,242,27,0,0,230,22,4,0,266,0,48,2483,69,113,80,335,9802,44,0,0,36,6,351,8,0,0,0,230,83,2,25,7,0,14,1,125,1767,119,3,1,17,127,348,9,420,0,92,1921,424,7,0,0,1,0,0,1,0,3,0,0,0,17,2,1,0,4,1547,3,1,0,0,438,0,0,0,0,0,0,645,179,44,5,540,16491,279,266,695,0,221,1724,9037,5060,1729,63,426,0,44,0],[0,0,0,0,0,4,0,0,1,1,0,0,1,0,0,0,2,0,0,0,0,0,0,0,0,0,0,2,0,0,1,0,0,0,0,0,4,2455865,83335,80,576074,313,6627,127,2707,0,0,0,0,0,0,0,0,0,0,0,0,0,1,13,136,0,0,0,0,0,0,0,0,0,0,0,36,0,1,89,0,0,0,0,0,0,0,0,0,0,72,1,0,0,206,0,0,0,0,3,0,37,2,0,0,0,2,0,5,0,4,0,1,1179,114,6,34,113,20,3,0,0,0,0,1,0,0,0,0,40,34,8,0,1,0,3,26,190,0,1574,0,4,729,234,86042,8,6047,0,9758,91971,1803,2,32,0,8,0,0,10,0,25,5,0,3,601,22,5,0,59,293,68,0,0,0,114,0,0,5,1,0,0,36,1897,0,0,24507,0,66,0,56141,0,4,172,34,0,491,3,447,0,47,0],[0,0,264,1,0,4,4698,0,3,41,5,205,17,8,0,0,0,0,0,0,0,0,0,33,0,0,9,15,0,1,13,0,0,24,0,758,0,0,1872,0,9,0,0,0,0,0,0,294,0,0,31,21,3,0,0,119,0,3365,0,18,51,227,0,1,100,0,8,0,0,0,3,2,88,5,0,0,32,95,0,2,185,0,3645,0,0,0,1279,30,0,7,3,3819,116,7,0,7,259,352,393,22301,71,0,123,483,1,0,232,2,13,364,29,43,2,9483,476,20,0,0,0,7,721,12,0,0,0,1347,22,33,72303,15,0,1,60,5,0,0,0,0,0,0,0,0,0,0,0,1,0,6,0,0,5,0,0,6,0,9,0,0,4,624,6,3,0,24,641,0,0,0,0,0,0,0,0,0,0,0,0,1613,0,0,0,0,199,0,9,0,0,2166,5072,0,1,2,0,84,0,0],[0,0,0,0,0,1,4,0,5,1,0,0,2,2,0,0,0,0,0,0,0,0,0,2,0,0,1,0,0,0,0,1,0,0,0,0,0,0,24,0,3,0,0,0,0,0,294,0,3,0,161,49,0,14,151172,60,13,0,0,8,0,621,0,24,95,9,17,0,0,9,2183,0,22,6,0,6,3,909,1,1,536,19,0,0,0,66,262583,1,7,0,0,115,0,1,5,2,332762,12767,1883,2325,1126,0,60,396,2,0,300,0,5,745,170,43,29,980,102,30,2,1,3,0,370,172,0,0,0,453,59,2,115,1,2,3,1,156,1,0,0,0,8,1,0,0,1,0,0,0,0,53,0,0,0,0,0,0,0,1,0,0,0,67,0,1,0,2,75,0,0,0,8,85,0,1,0,0,0,0,0,0,1,0,0,0,12,0,0,0,1,1225,358,0,0,2,0,0,0,0],[0,0,1,0,0,0,0,0,0,0,0,7,7,0,0,0,1,0,0,0,0,0,0,2,18,0,0,3,0,0,0,0,0,0,0,1,0,0,1,0,4,0,1,0,0,0,0,3,0,2082,0,0,1502,0,0,0,0,0,0,30,106,0,0,0,417,4019,0,0,0,0,0,79,157,0,3,0,319,0,98,0,0,0,0,15062,44001,0,10,239,459,57,0,1,0,386,28411,11,0,4,0,0,0,0,13,523,0,1,71,0,0,0,2,22,1,4961,0,3,0,0,0,0,48,43,0,0,0,13,7,31,0,3,0,0,9,0,1,0,0,0,0,6,10,0,0,0,1,35,1,2,0,0,1,0,0,2,0,2,0,0,1,176,2,1,0,7,9,0,0,0,0,0,0,0,0,0,0,0,0,2,0,0,0,0,0,0,5,0,0,31,207,0,0,0,0,0,0,0],[0,0,1,0,0,2,0,0,5,2,1,0,2,0,0,0,0,0,0,0,0,0,0,102,0,1,1,33,0,0,0,0,0,1,0,2,0,0,1,0,1,0,0,0,0,0,0,0,2082,0,0,23,361457,0,0,0,0,1,0,83,273,0,1,0,356,12917,448,0,0,0,0,609,408,0,0,0,7140,0,210,0,0,0,0,8406,1674,0,0,18,665,3,0,2,0,20,5326,29,0,63,0,0,0,0,29,82,0,0,19,0,1,278,5,39,0,16835,0,23,0,0,0,0,1514,19,0,0,0,26,20,7,0,3,0,0,14,7,1,0,0,0,0,2,4,0,0,0,1,16,0,1,0,0,1,0,0,2,0,1,0,0,1,98,1,1,0,3,5,0,0,0,0,1,0,0,0,0,0,0,0,1,0,0,0,0,0,0,0,0,0,756,25,0,0,0,0,0,0,0],[0,0,30,1,0,0,15,0,0,1,1,0,2,0,0,0,1,0,0,0,0,0,0,1,0,0,0,3,0,1,2,0,0,1,0,6,1,0,14,10,1199,0,544,1,24,0,31,161,0,0,0,0,0,0,170,0,0,0,0,4,25,6,0,0,0,0,0,0,0,0,147,0,24,494,0,128,0,331,0,409,2243,0,380,0,117,0,467,2,0,0,0,0,593,0,0,2,19,398,1483,675,7104,0,8,4,0,1,14,0,0,6,17,0,1,24,1176,10,0,0,166,1,61,0,0,0,0,43,21,7,18,1,0,0,5,20,1,2,0,0,2,0,408,0,10,0,20,139,2,3,0,0,2,0,0,2,65,4,0,0,1,34,3,1,0,8,335,0,0,2,0,19,0,0,0,0,0,0,2,71,0,1,96,15,0,0,133,0,0,262,625,656,1,0,35,1,6,0],[0,0,39,0,0,2,26,0,6,5,4,8,3,0,0,0,3,0,0,0,0,0,0,9,43,2,3,6,0,0,3,0,0,1,0,15,1,0,7,4,20,0,3,0,0,0,21,49,0,23,0,0,19,3408,6661,0,0,3,0,57,335,1,0,141,2,12,26,4,16,18,1,5,319,0,30,19,164,1,85,0,1,0,0,97,729,0,196,16859,105,21,14,10,0,10812,75,23,0,11,0,0,5,0,6,9,0,2,117,0,0,9,1,66,0,6130,23,12,0,0,2,0,482,128,2,0,0,8,2,82,5,30,0,0,3,0,7,8,0,6,14,0,323,0,0,0,42,1014,27,2,0,14,2,0,1,5,28,5,1,1,2,159,4,1,0,11,44,0,0,4,0,0,0,0,0,0,0,0,0,20,0,0,3,1,0,0,35,0,9,76,650,46,1,16,30,1,3,15],[0,0,15,0,0,1,0,0,4,3,0,2,5,1,0,0,0,1,0,0,0,0,0,6,0,9,1,12,0,0,0,0,0,0,0,2,0,0,1,0,16,0,0,0,0,0,3,0,1502,361457,0,19,0,0,0,0,0,100,0,140,573,0,13,0,149,71524,103515,346,211,0,0,20536,3578,0,0,0,124155,0,3765,0,0,0,0,12294,21566,0,0,293,5115,1518,0,0,0,235,18874,54,0,28,93,0,0,0,24,293,0,2,37,0,0,65,7,39,3,16889,1,8,0,0,0,0,3357,38,0,0,0,16,16,21,503,3,0,0,22,15,12,2,0,0,0,10,56,0,0,0,9,221,4,3,0,0,4,0,0,6,0,9,0,0,3,541,6,3,0,22,31,0,0,0,0,1,0,0,0,0,0,0,0,1126,0,0,0,0,0,0,0,0,0,5,635,0,0,0,0,0,0,0],[0,0,0,0,0,0,0,0,0,0,0,2,0,2,0,0,3,0,0,0,0,0,0,0,57,1,0,5,0,0,2,0,0,0,0,3,0,0,4,1,16,0,2,0,0,0,0,14,0,0,0,3408,0,0,0,1949,0,0,0,19,123,0,0,0,8482,215,0,0,0,262,0,0,125,0,9,0,160,0,49,0,0,0,0,259,12913,0,54,9316,112,0,0,102,0,6181,0,8,0,3,535,7,0,0,18,0,0,3,327,0,6,897,21,334,8,1733,0,3,0,0,0,0,983,0,0,0,0,45,4,96,0,4,0,2,1,23,6,5,0,0,0,0,184,0,0,0,25,578,7,0,0,0,0,0,0,1,0,1,1,0,0,25,0,0,0,1,0,0,0,0,0,4,0,0,0,0,0,0,0,7,0,0,0,0,0,0,22,0,0,574,1967,0,1,0,0,0,1,0],[0,0,14,0,0,7,1177,0,15,34,5,120,13,5,0,0,0,0,0,0,0,0,0,31,0,0,8,36,0,0,5,0,0,6,0,61,0,0,867,0,0,0,0,0,0,0,0,151172,0,0,170,6661,0,0,0,33087,0,337,0,1727,6761,863,0,26461,1874,40,0,0,0,0,282,0,9834,0,356,0,143,0,32,0,2314,0,1223,0,0,0,535776,107287,0,0,0,771,0,122,0,703,4901,149771,149,9248,0,0,474,12871,3,0,756,0,21,2042,77,442,1,47574,0,546,0,0,0,4,0,36,0,0,0,3066,152,84,34754,30,0,4,118,20,0,165,0,0,0,20,9578,0,50,0,1128,19032,185,22,0,0,3,0,0,4,0,6,0,0,2,438,4,2,0,18,415,0,0,0,0,3,0,0,0,0,0,0,0,727,0,0,0,0,91,0,0,0,0,693,6119,0,0,0,0,0,0,0],[0,0,67,0,0,3,71,0,2,10,6,193,1,3,0,0,9,0,0,0,0,0,0,16,166,4,1,108,0,0,5,0,0,3,0,40,1,0,17,23,36,0,8,0,0,0,119,60,0,0,0,0,0,1949,33087,0,0,0,0,41,255,1,0,0,518,0,0,0,0,106,0,3,272,0,23,0,2190,0,381,0,0,0,0,0,66,0,223,1620,442,22,0,2,0,1233,389,18,0,13,0,0,0,0,104,627,0,7,33,0,1,1,6,193,7,32646,0,3,0,0,0,0,1017,19,0,0,0,129,20,303,0,17,0,0,22,0,2,1,0,0,1,3,35,0,0,0,5,115,1,1,0,25,20,3,24,64,437,106,10,28,14,492,71,3,15,83,124,0,0,1,0,0,0,0,0,0,0,0,0,32,0,0,13,4,0,0,94,0,0,80,711,199,3,0,9,3,16,0],[0,0,0,0,0,0,0,0,0,0,0,0,0,0,0,0,0,0,0,0,0,0,0,0,4,0,0,0,0,0,0,0,0,0,0,0,0,0,1,0,1,0,0,0,0,0,0,13,0,0,0,0,0,0,0,0,0,0,0,2,6,0,0,0,0,0,0,0,0,0,32,0,13,0,0,3049,0,0,0,0,0,6695,0,0,0,404,32,0,0,0,0,0,0,0,0,0,29,8,6,0,0,0,0,0,0,0,0,0,0,0,0,4,0,106,0,0,0,0,0,0,10,0,0,0,0,0,0,7,0,0,0,0,0,0,0,0,0,0,0,0,0,0,0,0,0,0,0,0,0,0,0,0,0,0,0,0,0,0,0,1,0,0,0,0,0,0,0,0,0,0,0,0,0,0,0,0,0,1,0,0,0,0,0,0,3,0,0,0,2,0,0,0,0,0,0,0],[0,0,31,0,0,0,39,0,0,0,0,51,0,0,0,0,1,0,0,0,0,0,0,3,3,0,0,4,0,2,1,0,0,1,0,4,0,0,2,1,0,0,0,0,0,0,3365,0,0,1,0,3,100,0,337,0,0,0,0,1,6,0,0,0,0,23,170,3,398,0,0,0,7,0,0,0,1,1062,46,0,28,0,0,0,249,0,4,0,78,9,0,4,0,0,0,0,1,0,0,0,2,0,0,0,0,0,43,0,0,10,1,207,0,91,0,0,0,0,0,1,71,1,0,0,0,3,0,2,2131,1,0,0,0,27,0,0,0,0,0,0,1,0,0,0,0,1,0,0,0,2,1,0,2,5,32,8,1,3,2,4,5,0,7,6,2,0,0,1,0,0,0,0,0,0,0,0,0,18,0,0,1,0,0,0,3,0,0,39,205,18,0,2,2,0,1,0],[0,0,0,0,0,0,0,0,0,0,0,0,0,0,0,0,0,0,0,0,0,0,0,0,0,0,0,0,0,0,0,0,0,0,0,0,0,0,0,0,0,0,0,0,0,1,0,0,0,0,0,0,0,0,0,0,0,0,0,123,73,0,0,9218,0,0,0,0,0,0,296,0,664,0,1,0,0,0,0,0,0,0,0,0,0,0,0,29,0,0,0,0,0,0,0,48,6,0,10,0,0,0,7,1,0,0,39,0,2,165,50,6,25,1472,197,1,0,0,0,0,19,0,0,0,0,134,27,2,0,0,0,0,1,92,8,1,0,1,26,6,0,0,0,0,0,18,2,0,1747,0,0,0,0,0,0,0,0,0,0,40,0,0,0,1,43,0,0,0,0,24,0,0,0,0,0,0,0,0,0,0,0,0,0,0,0,0,0,286,151,0,0,0,0,0,0,0],[1,1,6,2,1,2,43,0,16,3,1,0,4,9,0,0,13,1,0,2,1,0,0,45,0,0,1,1,12,2,26,3,0,0,0,2,0,123,76,3,73,17,7,16,2,13,18,8,30,83,4,57,140,19,1727,41,2,1,123,0,37,109,10668,34,53,77,249,12,1,10,188,3,770,0,181,2,212,2,338,1,10,7,261,306,37,32,70,7,736,3,6014,4,0,95,7,60,12,323,397,2,2,3,261,104,48,22,822,4,126,10113,150,6207,135,12102,248,345,18,32,38,4,3767,3,1,12,0,852,88,7,380,43,45,60,9,604,146,2,19,3095,262,4131,1253,1065,67,1190,174,1993,533,204,1809,48,4,17,8,10,65,18,3,2,12,144,49,2,16,22,134,0,0,0,28,40,0,1,0,0,0,0,7,788,1,0,8,1,175,35,770,0,3,5165,1603,85,2,18,29,0,15,0],[8,8,299,6,0,17,2670,1,111,84,5,2,22,59,0,0,2,1,1,3,3,2,1,248,0,0,28,3,116,12,0,16,3,43,0,218,0,357,782,1,15,107,0,20,1,136,51,0,106,273,25,335,573,123,6761,255,6,6,73,37,0,1,2,302,203,429,693,44,4,58,1036,19,7829,0,2,64,58,15,208,10,4,240,690,90,7689,251,76,4255,75,6,8343,14,1,395,34,15,111,1762,5208,130,21,134,7643,812,173,21,4237,35,310,28841,897,1398,472,14983,14124,7688,90,125,213,14,23337,2191,1169,60,0,5903,299,112,755,84,261,167,37,1788,102091,10031,656,15106,19761,215054,604,102076,11210,10670,12551,281672,26649,2436,55729,1,3,45,3,3,43,2,2,0,6,1088,48,21,21,16,18773,0,0,0,53,921,1,6,0,0,1,1,0,383,10,0,0,12,405,179,764,1,52,19615,59127,32,34,787,0,0,20,1],[0,0,0,0,0,0,3,0,1,3,0,0,0,0,0,0,0,0,0,0,0,0,0,1,0,0,0,0,0,0,0,0,0,0,0,11,0,0,1,0,0,0,0,0,0,0,227,621,0,0,6,1,0,0,863,1,0,0,0,109,1,0,0,7221,0,0,0,0,0,0,89,0,543,0,0,0,0,1126,0,0,164,0,15,0,0,1,1791,318096,0,0,17,0,5,6,0,41,26,378,1030,4,7,0,40,0,0,0,696,0,1,18,36,9,10,79,17,52,0,0,0,0,3942,7,0,0,0,184,282,1,216,0,0,0,1,1790,1867,176,0,277,6908,51,0,0,0,0,184,5388,473,0,105,0,0,0,0,0,0,0,0,0,0,15,0,0,0,0,686,0,0,0,0,50,0,0,0,0,0,0,0,1,0,0,2,1,0,0,3,0,0,1736,7185,27,0,0,1,0,0,0],[0,0,0,0,0,0,0,0,0,0,0,2,0,0,0,0,0,0,0,0,0,0,0,0,1,0,0,0,0,0,0,0,0,0,0,0,0,0,0,0,0,0,0,0,0,0,0,0,0,1,0,0,13,0,0,0,0,0,0,10668,2,0,0,0,1,1,620,0,101,0,0,0,2,0,2,0,0,0,14,0,0,0,0,2,0,0,0,0,11,0,0,0,0,0,0,0,0,0,0,0,0,0,0,0,0,0,0,0,0,0,0,2,0,52,0,53,0,0,0,0,12,0,0,0,0,0,2,2,63,0,0,0,0,0,0,0,0,0,0,0,0,0,0,0,0,0,0,0,0,0,1,0,0,1,0,1,0,0,0,42,1,0,0,2,2,0,0,0,0,0,0,0,0,0,0,0,0,0,0,0,0,0,0,0,0,0,0,0,1,0,0,0,0,0,0,0],[0,0,1,0,0,0,0,0,2,0,0,8,0,0,0,0,1,0,0,0,0,0,0,0,0,0,0,0,0,0,0,0,0,0,0,0,0,0,0,0,0,0,0,0,0,0,1,24,0,0,0,141,0,0,26461,0,0,0,9218,34,302,7221,0,0,0,10,0,0,0,0,8920,0,202,0,0,0,0,0,2,0,0,0,0,48,0,0,330,232144,0,0,566038,38,0,1085,0,14,1,14099,124,0,0,0,8,34,1,0,11,0,2,309,6,7,4,6,9,84,0,0,0,0,3598,0,0,0,0,108,13,6,0,0,0,0,8,31,117,35,26,87,107,52,1512,33,0,0,188,4391,41,3,10843,0,1,0,0,2,0,2,0,0,0,108,2,0,0,5,224,0,0,0,0,22,0,0,0,0,0,0,0,0,0,0,0,0,0,0,0,0,0,574,721,0,0,0,0,0,0,0],[0,0,13,0,0,4,13,0,3,3,1,3,1,0,0,0,5,1,0,0,0,0,0,4,96,6,0,10,0,0,4,0,0,1,0,16,1,0,10,5,22,0,4,0,0,0,100,95,417,356,0,2,149,8482,1874,518,0,0,0,53,203,0,1,0,0,1307,1365,0,0,10220,0,10,236,0,213,0,4231,0,556,0,0,0,0,52,4094,0,447,681,740,51,0,479,0,297,3065,63,0,16,17,4,1,0,1,19,0,4,17,0,0,0,0,386,0,5802,0,3,0,0,0,0,1638,1,0,0,0,0,0,151,11,7,0,0,4,0,6,2,0,0,4,0,39,0,0,0,6,148,8,1,0,16,1,0,0,2,9,2,2,0,1,83,2,1,0,5,72,0,0,2,0,0,0,0,0,0,0,0,0,20,0,0,5,1,0,0,47,0,0,99,393,77,2,6,74,0,3,19],[0,0,195,11,2,12,86,0,2,11,2,7,5,3,0,0,12,3,0,0,0,0,0,30,15,5,1,21,0,2,19,0,0,8,0,51,10,0,24,25,1557,0,260,1,31,0,0,9,4019,12917,0,12,71524,215,40,0,0,23,0,77,429,0,1,10,1307,0,2149,80,11,0,42,16249,311,7,33,0,8642,0,133,1,13,0,0,8179,82230,0,6428,270,558,2238,36,2,0,149,82436,29,0,41,1765,5,0,0,193,186,4,2,425,0,23,7648,206,960,141,3140,9918,40,0,0,315,2,1533,19,0,0,0,1686,28,155,2,13,0,8,18,381,33,10,0,12,111,4,831,0,18,0,58,793,174,9,0,15,8,0,10,26,151,42,6,17,6,126,28,1,6,32,696,0,0,30,0,157,1,0,0,0,0,0,4,122,0,0,102,10,116,0,210,0,0,4199,16866,540,2,463,64,0,19,0],[0,0,115,0,1,11,422,0,3,15,2,164,9,3,0,0,9,2,0,0,0,0,0,35,91,9,8,32,2,21,12,0,0,9,0,64,5,0,9,23,15,0,2,0,0,0,8,17,0,448,0,26,103515,0,0,0,0,170,0,249,693,0,620,0,1365,2149,0,27836,8624,0,0,263012,1217,0,14,0,34123,0,5730,0,0,0,0,1213,4395,0,163,35,52477,404278,0,0,0,27,1948,92,0,9,11,0,0,0,221,1581,5,3,148,0,15,611,25,138,11,18000,5,14,0,0,0,4,1585,857,0,0,0,813,52,140,127,23,0,2,55,9,4,1,0,0,11,3,24,0,0,0,4,1378,40,9,0,30,34,2,35,89,847,143,15,40,27,964,94,8,56,147,153,0,0,9,0,0,0,0,0,0,0,0,0,35,0,0,10,7,0,0,54,0,0,748,3302,180,1,35,281,2,19,0],[0,0,0,0,0,0,0,0,2,0,0,0,0,3,0,0,0,0,0,0,0,0,0,1,0,5,0,0,0,0,0,0,0,0,0,0,0,0,0,0,0,0,0,0,0,0,0,0,0,0,0,4,346,0,0,0,0,3,0,12,44,0,0,0,0,80,27836,0,3909,0,0,45,55,0,0,0,639,0,2862,0,0,0,0,0,873,0,0,3,13005,1491,0,0,0,0,0,4,0,2,0,0,0,0,48,13,0,0,82,0,1,1204,80,1844,115,1657,0,3,0,0,0,1,1406,1,0,0,0,40,8,1,154,0,0,1,2,972,0,0,0,0,0,0,0,0,0,0,0,0,0,1,0,0,0,0,0,0,0,0,0,0,0,14,0,0,0,1,15,0,0,0,0,6,0,0,0,0,0,0,0,0,0,0,0,0,0,0,0,0,0,93,1449,0,0,0,0,0,0,0],[0,0,3,0,0,0,29,0,0,0,0,0,0,0,0,0,0,0,0,0,0,0,0,0,1,0,0,0,0,0,1,0,0,0,0,13,0,0,0,0,0,0,0,0,0,0,0,0,0,0,0,16,211,0,0,0,0,398,0,1,4,0,101,0,0,11,8624,3909,0,0,0,320,5,0,0,0,1,0,459,0,0,0,0,0,685,0,1,0,7287,278,0,0,0,0,0,0,0,0,8,0,0,0,4,1,0,0,13,0,2,16,5,198,1,292,0,0,0,0,0,0,132,0,0,0,0,17,1,1,4,0,0,1,0,16,0,0,0,0,0,0,0,0,0,0,0,0,0,0,0,0,0,0,0,0,0,0,0,0,0,1,0,0,0,0,2,0,0,1,0,0,0,0,0,0,0,0,0,2,0,0,0,0,0,0,1,0,0,42,170,0,0,0,1,1,0,0],[0,0,181,0,0,0,0,0,2,3,1,28,0,0,0,0,4,0,0,0,0,0,0,7,43,1,0,19,0,0,3,0,0,7,0,12,0,0,6,1,8,0,2,0,0,0,0,9,0,0,0,18,0,262,0,106,0,0,0,10,58,0,0,0,10220,0,0,0,0,0,0,0,79,0,7,0,0,0,0,0,0,0,0,0,565,0,35,1,0,0,0,397,0,2,0,5,0,1,0,0,0,0,3,480,0,2,36,0,0,13,0,333,0,1400,0,1,0,0,0,1,129,0,0,0,0,5,2,69,4,3,0,0,0,0,0,0,0,0,0,0,0,0,0,0,0,1,0,6,0,0,0,0,0,0,0,0,1,0,0,36,0,0,0,2,5,0,0,0,0,0,0,0,0,0,0,0,0,7,0,0,0,0,1,0,16,0,0,7,260,0,1,0,0,0,1,0],[0,0,1,0,0,3,0,0,7,2,1,0,15,3,0,0,0,0,0,0,0,0,0,0,0,0,0,0,0,0,0,0,0,0,0,1,0,0,262,0,85,0,0,0,0,0,3,2183,0,0,147,1,0,0,282,0,32,0,296,188,1036,89,0,8920,0,42,0,0,0,0,0,0,1140,0,38,0,0,0,0,0,59,0,59,0,0,0,33558,20566,0,23,80358,0,0,0,0,81,6202,118680,5875,146,3,0,204,0,3,0,765,0,12,1906,256,177,110,168,14101,80,0,0,0,6,465,1,0,0,0,536,202,1,61,0,0,5,8,593,0,33,0,0,0,1,1823,0,10,0,227,3825,30,48,0,0,0,0,0,1,0,0,0,0,0,21,0,0,0,1,1589,0,0,0,0,444,0,0,0,0,0,0,0,40,0,0,0,0,125,0,0,0,13,3002,11862,0,0,0,0,0,0,0],[0,0,39,0,0,1,2,0,0,1,0,3,0,1,0,0,3,0,0,0,0,0,0,1,2,1,0,4,0,0,6,0,0,1,0,3,3,0,166,3,125,0,16,0,3,0,2,0,79,609,0,5,20536,0,0,3,0,0,0,3,19,0,0,0,10,16249,263012,45,320,0,0,0,22,0,0,0,218,0,0,0,0,0,0,18,1903,0,11,1,0,25741,0,0,0,0,0,1,0,0,68,0,0,0,12,1,0,0,45,0,1,3298,13,274,19,42,260,1,0,0,19,0,147,0,0,0,0,247,0,4,116,1,0,1,2,227,1,0,0,0,1,1,51,0,1,0,2,21,0,1,0,0,1,0,0,1,32,2,0,0,0,8,1,0,0,4,27,0,0,9,0,10,0,0,0,0,0,0,0,43,0,0,5,0,78,0,17,0,7,247,7536,0,0,0,9,0,2,0],[9,9,40,7,3,9,317,1,74,15,6,1,23,41,0,0,59,5,1,10,4,3,0,239,0,1,9,3,89,15,123,20,3,4,0,23,1,603,5676,11,414,101,38,88,9,36,88,22,157,408,24,319,3578,125,9834,272,13,7,664,770,7829,543,2,202,236,311,1217,55,5,79,1140,22,0,0,1055,26,83,12,64,7,49,50,1277,250,217,241,279,84,97,19,35614,22,0,898,49,519,90,1978,1978,15,12,7,1023,570,200,118,1679,24,165,21898,228,1016,134,1985,4753,2090,135,333,193,7,640,19,5,194,0,780,103,50,1322,191,458,150,43,475,766,3,114,18496,4404,16708,6259,4585,302,4857,845,10918,2885,2074,8191,172,20,107,41,36,338,85,12,8,56,1193,273,25,86,110,672,0,0,0,53,179,1,7,0,0,1,1,27,3914,7,0,41,11,985,210,3405,0,537,1518,2080,463,21,131,103,0,86,1],[0,0,0,0,0,0,0,0,0,0,0,0,0,0,0,0,0,0,0,0,0,0,0,0,0,0,0,0,0,0,0,0,0,0,0,0,0,0,1,1,58,0,8,0,1,0,5,6,0,0,494,0,0,0,0,0,0,0,0,0,0,0,0,0,0,7,0,0,0,0,0,0,0,0,0,0,0,2070,0,0,51,0,26,0,0,0,31,0,0,0,0,0,3,0,0,0,15,59,54440,0,26,0,0,0,0,0,39,0,1,37,0,4,0,0,0,0,0,0,0,0,2,0,0,0,0,7,0,0,0,1,0,0,0,7,0,0,0,0,0,0,21,0,0,0,1,14,0,0,0,0,0,0,0,0,0,0,0,0,0,0,0,0,0,0,0,0,0,0,0,8,0,0,0,0,0,0,0,3,0,0,5,1,0,0,6,0,0,0,0,41,0,0,2,0,0,0],[0,0,58,0,0,0,6,0,30,6,0,0,6,9,0,0,0,42,0,0,0,0,0,15,0,0,8,0,0,0,0,1,0,5,0,40,0,0,124,0,0,1,0,0,0,1,0,0,3,0,0,30,0,9,356,23,0,0,1,181,2,0,2,0,213,33,14,0,0,7,38,0,1055,0,0,2,30,0,199,1,0,6,0,31,0,29,0,73,1591,0,96,1,0,20,6,73,0,65,397,0,0,0,440,19180,31,0,4179,0,64,44918,1339,81885,598,136291,1008,194,1,1,3,32,78385,5,0,0,0,36392,891,0,703,4,2,25,0,1601,303,10,0,224,21128,270,5,275,1,0,0,309,107,153,962,0,0,3,0,0,0,0,0,0,0,1,0,0,0,0,233,0,0,0,137,53,0,1,2,0,0,0,0,142,1,0,0,0,62,0,0,0,6,6235,9196,0,0,2,0,0,0,0],[0,0,7,0,0,1,0,0,1,0,0,2,1,2,0,0,1,0,0,0,0,0,0,0,19,0,0,2,0,0,1,0,0,0,0,1,0,4,26,11,530,0,92,0,12,89,0,6,0,0,128,19,0,0,0,0,3049,0,0,2,64,0,0,0,0,0,0,0,0,0,0,0,26,0,2,0,0,2,0,625,0,2853,0,0,0,0,33,0,1,0,0,0,0,0,0,1,8,1,147,0,0,0,12,0,0,1,192,0,6,423,4,81,2,3199,25,10,0,0,3,0,483,1,0,0,0,35,7,32,1,1,0,2,1,32,0,0,0,0,0,0,142,0,0,0,5,37,0,1,0,4,1,0,1,3,25,7,1,1,1,8,5,0,1,4,18,0,0,1,0,11,0,0,0,0,0,0,0,60,0,1,70,16,0,6,108,0,8,303,119,612,1,9,30,0,7,5],[0,0,0,0,0,1,0,0,22,0,0,1,0,0,0,0,2,0,0,0,0,0,0,8,32,2,0,5,0,0,1,0,0,0,0,2,1,0,13,4,5,0,1,0,0,0,32,3,319,7140,0,164,124155,160,143,2190,0,1,0,212,58,0,0,0,4231,8642,34123,639,1,0,0,218,83,0,30,0,0,0,469,0,0,0,0,12074,2055,0,12,7,641,599,0,17,0,20,184,6,0,5,83,15,0,0,2,20,0,1,26,0,1,53,3,374,0,3156,1,2,0,0,1,0,601,3,0,0,0,2,2,42,78,2,0,0,2,6,0,0,0,0,7,3,3,0,0,0,0,9,0,0,0,3,3,0,4,9,54,14,2,5,2,36,9,0,3,9,3,0,0,1,0,2,0,0,0,0,0,0,0,16,0,0,3,1,2,0,14,0,0,178,165,57,0,0,4,0,3,0],[0,0,69,0,0,0,446,0,1,1,0,0,0,0,0,0,0,0,0,0,0,0,0,2,0,0,0,1,0,0,1,0,0,4,0,150,0,0,11,0,967,0,124,1,17,0,95,909,0,0,331,1,0,0,0,0,0,1062,0,2,15,1126,0,0,0,0,0,0,0,0,0,0,12,2070,0,2,0,0,0,0,566530,0,355,0,0,0,1937,3,0,0,0,0,23,0,0,1,7400,599,16043,515,77953,0,1,6,0,0,0,0,0,1,0,10,0,426,242,4,0,0,3,0,326,1,0,0,0,40,3,2,1,0,0,0,11,2,0,3,0,0,2,1,348,0,8,0,23,253,4,1,0,0,0,0,0,1,0,1,0,0,0,35,1,0,0,1,112,0,0,0,0,65,0,0,0,0,0,0,1,19,0,0,40,0,2,0,18,0,0,313,817,0,1,1,2,28,0,0],[0,0,36,0,0,0,31,0,0,0,0,4,0,0,0,0,1,1,0,0,1,0,0,1,14,0,0,4,0,2,1,0,0,1,0,3,0,0,23,2,1,0,0,0,0,0,0,1,98,210,0,85,3765,49,32,381,0,46,0,338,208,0,14,2,556,133,5730,2862,459,0,0,0,64,0,199,0,469,0,0,0,0,0,0,164,2227,0,10,19,0,43,0,1,0,3,4,79,0,0,70,4,0,0,0,1,0,0,4,0,0,27,2,411,2,350,1,0,0,0,0,0,71,0,0,0,0,5,1,16,71,15,0,0,1,4,47,0,0,26,11,0,44,0,0,0,15,208,51,0,2,2,1,0,1,3,20,5,1,2,1,10,3,0,1,3,3,0,0,0,0,0,0,0,0,0,0,0,0,34,0,0,3,1,2,0,9,0,0,74,320,62,0,0,49,0,1,0],[0,0,19,0,0,0,1,0,1,0,0,0,1,0,0,0,1,0,0,0,0,0,0,0,6,0,0,4,0,0,1,0,0,0,0,0,0,0,146,95,2139,0,410,1,47,0,2,1,0,0,409,0,0,0,0,0,0,0,0,1,10,0,0,0,0,1,0,0,0,0,0,0,7,0,1,625,0,0,0,0,0,0,5,0,0,0,51,0,0,0,0,0,0,0,0,0,56,0,3593,0,2,0,22,201,0,0,641,1,6,85,20,55,0,5482,5435,9,0,0,0,2,1108,3,0,0,0,86,3,11,0,1,0,2,4,63,0,0,0,0,0,0,517,0,0,0,16,132,0,3,0,0,2,0,0,3,29,4,0,0,1,39,3,0,0,8,1566,0,2,1,0,111,0,0,0,0,0,0,3,556,0,6,642,213,4,14,990,0,0,794,261,6773,0,1,308,0,55,0],[0,0,3,1,0,2,402,0,18,7,0,0,3,0,0,0,0,0,0,0,0,0,0,1,0,0,1,1,0,0,0,0,0,0,0,7,0,0,0,0,72,0,11,0,2,0,185,536,0,0,2243,1,0,0,2314,0,0,28,0,10,4,164,0,0,0,13,0,0,0,0,59,0,49,51,0,0,0,566530,0,0,0,0,652,0,0,0,7745,0,0,2,77,0,2239,0,0,4,6218,159,230106,13818,46383,0,36,0,0,0,352,0,1,244,67,213,14,253,10455,8,0,0,0,1,157,566,0,0,0,298,27,1,21365,1,0,1,0,120,0,0,0,0,0,7,22,0,0,0,1,6,0,5,0,0,0,0,0,0,0,0,0,0,0,3,0,0,0,0,463,0,0,0,0,140,0,0,0,0,0,0,0,0,0,0,3,0,1,0,1,0,0,399,1032,0,0,0,0,0,0,0],[0,0,0,0,0,0,0,0,1,0,0,2,0,0,0,0,3,4,0,0,0,0,0,1,48,1,1,6,0,0,1,0,0,0,0,3,0,0,7,2,19,0,5,0,0,0,0,19,0,0,0,0,0,0,0,0,6695,0,0,7,240,0,0,0,0,0,0,0,0,0,0,0,50,0,6,2853,0,0,0,0,0,0,0,0,0,1387,72,0,0,0,0,0,0,0,0,3,0,2,0,0,0,0,0,0,0,2,0,0,0,0,4,51,0,4173,0,0,0,0,0,0,134,0,0,0,0,0,1,88,0,4,