[[0,41,1,0,0,0,0,1,0,2130,2,2,545,38,0,0,1,0,82,0,320,241,3,2,1,2,1,609,0,0,6,371,0,1,0,689,2,0,33,0,2,0,0,0,0,0,1,0,0,0,0,0,0,0,0,0,0,0,0,6,18,0,0,0,0,0,0,0,0,0,0,0,31,0,0,0,0,0,0,0,0,0,0,0,0,0,0,0,0,0,0,0,0,0,0,2,5,0,190,0,0,0,1,0,0,0,1,0,0,28,1,0,0,8,29,2,0,0,0,0,63,0,0,0,0,999,1,3,8,0,0,0,4,1,7,1,0,0,4,2,7,0,16,0,2,52,4,0,0,0,0,0,0,0,0,0,0,0,0,7,0,0,0,0,5,0,1,4,0,3,0,0,0,0,0,0,0,18,0,0,0,5,365,0,0,1,3,43,463,167,0,2,13,0,1,0],[41,0,9,1,0,22,2,0,5,45,6,0,84,0,7,1,0,0,1,1,3,3,1,41,0,1,12,0,95,0,2,121,1,0,0,319,2,0,5,0,129,0,18,0,0,22,4,0,0,0,1,0,0,0,0,0,0,0,0,6,16,0,0,0,0,0,0,0,0,0,0,0,28,0,0,0,0,2,0,0,0,0,0,0,0,0,0,0,0,0,0,0,0,0,0,2,0,0,2757,1,0,0,0,0,0,0,12,0,0,152,0,123,1,6,179,2,0,0,4,0,55,0,0,0,0,15976,9,1,72,0,0,0,1,1,6,1,0,0,2,1,6,0,32,0,2,55,5,1,0,0,2,0,0,2,90,3,0,0,2,3,4,2,0,11,23,0,0,0,0,42,0,0,0,0,0,0,0,2,0,0,0,0,4,0,0,0,1,55,2151,0,0,0,0,1,0,0],[1,9,0,37,0,72615,6970,0,14550,1622,670,434,3685,1312,3,0,99,15,5,98,696,6,2,5759,0,34,719,49107,779,41715,57,7,4,1539,0,3978,0,2,577,1,36,57,7,0,0,6,6,0,0,3,6,1,0,0,12,8,0,23,0,32,367,0,0,3,1,118,2,0,0,242,3,247,75,0,97,4,2,0,1,20,7,0,0,0,8,0,1,24,21,1,22,0,0,0,1,16,15,46,282,2,4,21,240,279,66,142,746,17,201,7656,292,57462,124,2078,1661,648,213,472,936,38,320,85,5,4,0,1287,100,17,632,121,646,101,57,149,2,5,19,3,266,111,1,3,6,0,0,120,1,75,0,631,72,25,50,170,1222,148,66,56,614,82,368,99,2313,522,3556,0,16,1,10,786,0,12,0,0,17,0,0,207,15,50,0,58,501,2,173,0,49,6728,60429,1496,74,1153,504,0,11,9],[0,1,37,0,1,0,4,7,0,2,18,76,60,3,0,9,9,2,79,2,0,481,11,29,1,10,6,15,0,0,19,0,21,2,0,12,8,0,30,0,33,1,4,0,0,5,1,0,0,0,1,0,1,0,0,0,0,0,0,10,29,0,0,0,0,25,1,0,0,0,2,2,45,0,1,0,0,5,0,0,0,0,1,1,32,0,0,1,4,0,0,0,7,0,0,3,31,0,34,3,0,0,3,9,1,0,32,2,3,54,9,13,2,73,94,14,0,0,14,0,109,1,0,0,0,5,7,18,1,16,0,0,12,16,3,0,2,0,40,4,3,0,4,0,1,72,3,16,0,0,1,0,0,1,38,2,2,0,2,7,3,1,2,6,43,0,4,29,0,15,1,0,0,0,0,0,0,26,0,0,0,0,42,2,1,0,0,439,5072,17,7,118,21,0,2,0],[0,0,0,1,0,66,1,0,1,3,30,0,17,0,0,0,5267,0,0,940,0,3,0,489,0,21,21,1,14,0,1828,0,0,0,0,2,0,0,11,0,43,0,6,0,0,7,0,0,0,0,0,0,0,0,0,0,0,0,0,0,1,0,0,0,0,0,0,0,0,0,0,0,1,0,0,0,0,0,0,0,0,0,0,0,5,0,0,0,0,0,0,0,0,0,0,0,0,0,2,0,0,0,2,0,0,0,4,0,0,8,0,7,2,1,14,0,0,0,0,1,6,0,0,0,0,3,0,0,1,0,0,1,1,2,0,0,0,0,0,0,0,11,6,0,0,16,1,0,0,0,0,0,0,0,5,0,0,0,0,6,0,0,0,1,11,0,0,0,0,7,0,0,0,0,0,0,0,9,0,0,0,6,0,1,0,0,0,204,9819,218,5,0,14,0,1,0],[0,22,72615,0,66,0,8227,0,3427,404,92,182,153,351,0,0,50,1,1,39,1,0,0,531,0,16,67,2982,49,1651,48,0,1,104,0,358,1,0,240,0,19,1,4,0,0,4,1,0,0,0,0,0,0,1,7,0,0,0,0,10,40,0,0,0,0,3,1,0,0,0,5,5,44,0,0,1,0,1,1,0,0,0,0,0,4,0,5,1,3,0,1,0,1,1,0,4,12,0,46,2,5,0,63,38,6,1,292,0,17,796,70,5935,171,166,15,12,0,3,3,5,1096,1646,0,0,0,128,98,14,13,9,1,8,5,376,1,0,2,1,73,15,4,0,4,0,4,29,4,4,1,2,5,0,1,8,165,9,4,1,10,10,18,5,32,31,177,0,1,8,0,54,0,0,0,0,2,0,0,24,0,0,0,4,274,2,1,0,33,845,23103,71,2,326,149,0,3,0],[0,2,6970,4,1,8227,0,0,1258,1089,103,559,296,512,190,0,155,131,578,100,26,12,1,1011,14,132,150,5443,68,6200,202,543,0,4033,0,985,5,0,2335,0,198,0,31,0,0,23,2121,1,0,0,10,1,0,0,3051,10,0,15,0,101,2783,2,0,0,0,18,7,0,3,20,0,15,532,0,10,2,5,12,4,2,566,0,0,0,0,0,0,2,90,74,0,0,7,0,0,35,277,1,721,86,263,4,11,169,18,12,3802,0,82,6445,271,8870,78,1756,3643,305,38,571,1211,11,1957,16,1,1,0,1322,229,60,8025,12,26,62,51,582,19,3,5,0,667,122,22,3984,53,0,8,826,1155,11,0,8,32,0,4,49,1305,60,11,6,43,107,105,37,99,198,724,0,19,77,0,572,3,0,0,0,3,0,0,569,0,1,0,58,1653,0,1,2,194,2457,69953,19207,3,61463,123,2,28,437],[1,0,0,7,0,0,0,0,0,0,1,0,5,0,0,85,0,4,164,0,0,118,177,0,8,0,6,1,1,0,2,0,25,0,618,0,5,0,4,0,87,0,12,0,0,15,0,0,0,0,3,0,0,0,0,0,0,0,0,3,8,0,0,0,0,0,0,0,0,0,0,0,13,0,0,0,0,0,0,1,0,0,0,0,0,0,0,0,0,0,0,0,0,0,0,1,5,0,76,4,0,0,0,0,0,0,1,0,0,0,0,2,0,3,595,5,0,0,13,0,41,0,0,0,0,1,2,2,0,0,0,0,2,7,5,1,0,0,4,1,6,0,22,0,2,62,5,0,0,0,0,0,0,0,0,0,0,0,0,1,0,0,0,0,4,0,0,4,0,72,0,0,0,0,0,0,0,5,0,0,0,0,0,0,0,0,0,127,3588,0,0,2,3,0,0,0],[0,5,14550,0,1,3427,1258,0,0,882,5,1375,67,4446,4,0,119,8,3,36,4,2,13,413,3,59,33,21911,10,500,101,0,2,618,3,562,6,5,106,2,190,13,34,1,5,29,28,0,1,0,5,0,2,0,46,10,0,0,0,42,221,0,0,2,3,4,6,3,3,3,15,7,186,5,37,3,55,9,3,2,22,2,1,2,11,3,12,10,41,1,0,1,12,0,0,12,92,1,234,15,17,0,14,8,23,0,230,0,30,704,28,159,34,922,325,36,41,48,24,0,435,3,5,1,0,159,55,54,45,55,1,18,29,554,10,2,2,1,110,217,19,46,37,0,22,381,123,49,11,6,17,1,16,26,624,33,8,6,30,66,57,19,100,107,383,3,11,62,1,85,3,0,1,150,5,0,0,176,3,0,0,25,82,28,7,3,0,600,361,516,0,270,473,1,10,2],[2130,45,1622,2,3,404,1089,0,882,0,1013,345,450,2968,0,0,223,3,0,200,134,1,0,1191,1,141,1616,1903,432,48,217,1,0,127,0,33093,20,19,131,0,55,0,10,1,0,26,16,0,0,1,6,3,1,1,36,4,0,1,0,52,231,0,0,1,0,3,4,1,6,1,8,9,215,1,25,1,2,1,2,1,4,0,0,0,10,1,10,8,29,5,4,1,4,0,0,18,138,0,89,5,6,0,11,73,19,1,699,0,25,816,291,44535,94,521,1016,59,1,0,23,15,742,4,0,1,0,203,306,43,67,39,0,10,47,81,33,5,5,0,277,163,32,352,18,0,5,330,40,10,2,42,17,1,8,23,358,22,23,7,22,54,45,13,93,73,545,0,19,114,4,115,3,1,4,0,195,1,1,141,0,2,0,11,27,3,5,2,1,2927,83430,330,0,277,187,1,21,3],[2,6,670,18,30,92,103,1,5,1013,0,636,261,381,0,0,836,5,2,34443,27,3,0,1006,1,98708,1496,1393,45,21,617,4,0,53,0,101,11,0,74,0,26,8,3,1,3,2,1,0,0,0,3,1,1,0,3,1,0,0,0,29,81,0,0,0,0,0,2,0,1,0,5,0,145,0,1,1,1,1,1,0,1,0,0,0,0,0,2,1,11,0,0,0,3,0,0,11,76,0,58,2,1,1,14,50,19,0,177,25,7,322,12,220,7,281,212,34,0,0,8,1,667,3,0,1,0,143,23,36,11,39,0,3,28,119,8,2,2,1,133,17,9,18,7,0,5,145,9,6,0,11,9,0,2,19,299,16,8,3,15,23,30,9,56,51,120,0,9,75,0,15,2,0,0,0,0,0,0,70,0,1,0,1,46,0,2,0,1,1491,17559,17,0,113,133,0,25,1],[2,0,434,76,0,182,559,0,1375,345,636,0,1871,52,3,0,1,3,1,51,420,318,4,3809,2,0,367,0,3531,37,2,1,1,0,0,946,0,0,68,0,0,1,0,0,0,0,18,0,0,0,0,0,0,0,34,0,0,16,0,0,4,0,1,0,0,1,0,0,2,10,1,5,0,0,0,0,0,0,0,0,0,0,1,1,0,1,1,5,0,0,5,0,0,0,0,0,0,44,121,0,0,0,21,54,66,3,453,0,45,1770,64,10666,67,8,31,18,1,19,26,5,3934,0,0,0,0,99,73,0,240,7,1,24,0,486,0,0,3,0,10,5,0,0,6,0,0,4,5,3,6,1,2,1,0,2,3,1,0,0,0,10,0,0,0,0,24,0,0,0,1,19,0,1,0,0,0,0,0,2,0,0,0,0,60,1,2,0,7,1788,120622,2,8,7,0,0,10,0],[545,84,3685,60,17,153,296,5,67,450,261,1871,0,363,36,1,322,9,7,138,34857,60,25,401,76,160,687,1086,18281,34,279,35,8,568,1,2059,684,1,530,1,130,1,15,0,0,16,12,1,3,0,4,3,2,1,21,3,0,1,0,95,224,0,0,4,0,0,8,0,1,0,62,2,369,1,19,8,7,8,3,3,6,0,1,1,15,0,0,3,41,5,0,1,11,0,1,28,88,0,197,11,5,2,134,144,124,1,2607,0,17,2011,22,13252,30,1152,318,52,0,0,16,5,3446,9,0,1,6,875,91,170,39,26,77,5,44,272,10,12,3,1,241,114,16,350,23,0,5,323,64,26,6,8,22,1,2,41,941,39,17,10,32,82,59,23,70,134,74,0,10,72,2,19,2,0,0,3,1,0,0,188,0,6,0,29,349,6,1,1,44,1914,162151,766,0,617,354,0,18,2],[38,0,1312,3,0,351,512,0,4446,2968,381,52,363,0,0,1,65,0,0,84,8,0,0,753,0,24,580,2363,325,26,76,1,0,64,0,8960,1,3,22,0,18,9,4,0,0,6,6,0,0,0,1,0,1,1,9,2,0,0,0,14,57,0,0,0,0,3,1,9,2,0,5,7,53,0,7,0,1,1,0,0,0,0,0,0,3,0,4,1,7,1,1,0,1,0,0,4,9,0,49,2,0,7,63,32,11,2,816,0,26,1126,136,92297,32,211,139,10,0,0,6,5,10178,1,0,0,0,259,127,19,115,34,1,10,5,439,3,0,0,1,85,31,6,45,8,0,1,61,13,1,1,25,8,0,3,14,267,16,5,3,15,22,31,10,63,50,238,0,3,8,0,50,0,0,0,0,0,0,0,29,0,1,0,6,11,4,0,0,0,2388,128821,190,2,85,90,1,8,1],[0,7,3,0,0,0,190,0,4,0,0,3,36,0,0,0,0,558,207,0,1324,16,99,1,275,0,2,1,0,17,1,75,3,1,0,1,11,0,4,0,1,0,0,0,0,0,0,0,0,0,0,0,0,0,0,0,0,0,0,1,3,0,0,0,0,0,0,0,0,0,0,0,5,0,0,0,0,0,0,0,0,0,0,0,0,0,0,0,0,0,0,0,0,0,0,0,5,0,0,0,0,0,0,0,0,0,2,0,0,0,0,0,0,20,12,3,0,0,0,0,12,0,0,0,0,0,1,1,0,0,0,0,2,1,0,0,0,0,4,1,0,0,0,0,0,7,0,5,0,0,0,0,0,0,0,0,0,0,0,1,0,0,0,0,1,0,0,3,0,1,0,0,0,0,0,0,0,3,0,0,0,0,0,0,0,0,0,138,796,0,0,2,2,0,0,0],[0,1,0,9,0,0,0,85,0,0,0,0,1,1,0,0,0,2,157,0,0,57,44,36,3,0,1,0,0,0,0,0,485,0,185,4,11,0,0,0,0,0,0,0,0,0,0,0,0,0,0,0,0,0,0,0,0,0,0,0,0,0,0,0,0,0,0,0,0,0,0,0,0,0,0,0,0,0,0,0,0,0,0,0,0,0,0,0,0,0,0,0,0,0,0,0,0,0,0,0,0,0,0,0,0,0,0,0,0,0,1,3,1,0,9,0,0,0,0,0,2,0,0,0,0,3,1,0,0,0,0,1,0,9,0,0,0,0,0,0,0,0,0,0,0,0,0,0,0,0,0,0,0,0,0,0,0,0,0,0,0,0,0,0,7,0,0,0,0,2,0,0,0,0,0,0,0,0,0,0,0,0,0,0,0,0,0,1175,5096,0,0,0,0,0,0,0],[1,0,99,9,5267,50,155,0,119,223,836,1,322,65,0,0,0,2,1,1621,8,148,2,1512,4,496,467,48,434,20,12,1,3,5,0,186,0,0,301,0,2,4,0,0,0,0,0,0,0,0,0,0,0,0,0,0,0,0,0,2,10,0,0,0,0,1,0,0,0,1,0,3,18,0,0,0,0,0,0,0,0,0,0,0,0,2,0,1,0,0,1,0,0,0,0,1,0,0,16,0,0,0,68,0,0,0,229,0,8,419,79,1734,20,345,7,6,0,0,3,12,927,1,0,0,0,154,99,0,15,2,0,3,0,644,0,0,0,1,21,1,0,0,0,0,0,9,10,4,0,0,0,0,0,0,13,0,0,0,0,1,1,0,0,1,833,0,0,0,1,32,0,3,0,0,0,0,0,44,0,0,0,0,207,0,2,0,21,8545,365582,1,6,6,441,0,0,0],[0,0,15,2,0,1,131,4,8,3,5,3,9,0,558,2,2,0,1,0,0,8,84,2,3603,1,1,1,1,0,2,534,0,0,0,10,4,0,11,0,13,0,2,0,0,0,0,1,0,0,0,0,0,1,0,10,1,0,0,188,38,0,0,0,0,0,5,0,0,0,0,0,68,0,133,40,5,0,5,1,0,0,0,0,0,62,0,0,132,1,0,0,0,0,5,56,0,0,2,0,0,0,0,0,0,0,5,0,0,4,3,14,0,2809,5,0,0,0,1,0,120,0,0,0,0,8,1,46,7,0,0,0,0,2,0,0,0,0,5,3,0,54,3,0,0,17,18,0,0,0,0,0,0,0,0,0,0,0,0,6,0,0,0,1,1,0,0,0,0,2,0,0,0,0,2,0,0,9,0,0,0,1,1,0,0,0,0,90,747,49,0,41,2,0,1,0],[82,1,5,79,0,1,578,164,3,0,2,1,7,0,207,157,1,1,0,0,0,37,222,1,1,1,5,6,18,29,3,1597,415,2,143,1701,5,0,20,0,4,0,0,0,0,0,0,0,0,0,1,0,0,0,0,0,0,0,0,3,8,0,0,0,0,0,0,0,0,0,0,0,15,0,0,0,0,0,0,0,0,0,0,0,0,0,0,0,1,0,0,0,0,0,0,1,12,0,17,1,0,0,0,1,0,0,2,0,1,2,1,11,0,7,132,6,0,0,3,1,42,0,0,0,0,0,2,3,0,1,0,0,5,20,2,0,0,0,10,1,2,0,2,0,1,23,1,1,0,0,0,0,0,0,0,0,0,0,0,7,0,0,0,0,0,0,1,8,0,35,0,0,0,0,0,0,0,16,0,0,0,6,0,0,0,0,0,98,41701,179,0,4,17,0,1,0],[0,1,98,2,940,39,100,0,36,200,34443,51,138,84,0,0,1621,0,0,0,1,34,0,1474,0,166,759,105,144,10,260,0,0,12,1,167,7,0,81,0,13,1,1,0,0,0,0,0,0,0,2,0,0,0,0,0,0,0,0,18,49,0,0,0,0,0,1,0,1,0,0,0,80,0,1,0,0,0,0,0,0,0,0,0,0,0,0,1,3,0,0,0,1,0,0,6,62,0,12,1,0,0,12,7,11,0,52,0,8,209,30,1329,22,96,94,26,0,0,4,3,618,0,0,1,0,63,30,17,2,5,0,1,22,249,6,1,2,0,79,53,7,3,1,0,2,119,6,5,1,5,1,0,0,1,28,1,3,1,2,13,2,1,1,4,311,0,8,66,0,12,2,0,0,0,0,0,0,51,0,0,0,2,18,0,0,0,2,3005,140400,64,0,62,60,0,4,1],[320,3,696,0,0,1,26,0,4,134,27,420,34857,8,1324,0,8,0,0,1,0,0,0,20,0,12,43,226,231,0,23,54,0,122,0,530,85,0,25,0,6,0,1,0,0,0,0,0,0,0,1,0,0,0,0,1,0,0,0,14,39,0,0,0,0,0,1,0,0,0,0,0,70,0,2,0,0,0,0,0,0,0,0,0,0,0,0,0,7,0,0,0,0,0,0,5,19,0,19,1,0,0,28,5,0,0,163,0,2,295,18,52,1,220,27,9,0,0,1,0,486,0,0,0,0,25,5,11,0,1,0,0,9,32,2,0,1,0,25,4,2,0,0,0,1,32,1,1,0,0,3,0,0,4,172,6,1,0,3,12,7,3,0,21,16,0,2,17,0,3,0,0,0,0,0,0,0,21,0,0,0,3,0,0,0,0,0,2562,102724,93,0,129,17,0,2,0],[241,3,6,481,3,0,12,118,2,1,3,318,60,0,16,57,148,8,37,34,0,0,49,15,4,37,65,11,14,0,93,0,245,0,73,12,30,0,56,0,355,0,48,0,0,60,0,0,0,0,6,0,0,0,0,0,0,0,0,18,47,0,0,0,0,0,1,0,1,0,0,0,84,0,0,0,0,0,0,1,0,0,0,0,0,0,0,1,3,0,0,0,2,0,0,6,65,0,102,6,0,0,0,4,0,0,18,0,6,9,2,7,2,32,928,30,0,0,22,0,205,0,0,1,0,4,13,18,0,4,0,0,23,21,13,2,2,0,55,8,15,0,63,0,5,261,13,4,0,0,0,0,0,0,0,0,3,0,1,9,0,0,0,1,1,0,7,60,0,105,1,0,0,0,0,0,0,48,0,0,0,0,0,0,0,0,0,490,77587,0,0,30,40,0,4,1],[3,1,2,11,0,0,1,177,13,0,0,4,25,0,99,44,2,84,222,0,0,49,0,4,137,0,2,1,2,0,2,9,63,0,90,7,9,0,4,0,20,0,3,0,0,3,0,0,0,0,1,0,0,0,0,0,0,0,0,2,5,0,0,0,0,6,0,0,0,0,0,0,8,0,0,0,0,0,0,0,0,0,0,0,3,0,0,2,1,0,1,0,0,0,0,1,4,0,23,1,0,0,0,0,0,0,5,0,0,11,0,20,0,17,178,3,0,0,4,0,24,0,0,0,0,5,2,2,0,0,0,0,2,5,2,0,0,0,4,1,2,3,6,0,1,24,12,0,0,0,0,0,0,0,6,0,0,0,0,2,0,0,0,1,3,0,0,3,0,15,0,0,0,0,0,0,0,4,0,0,0,0,0,0,0,0,0,249,1741,6,0,8,3,0,0,0],[2,41,5759,29,489,531,1011,0,413,1191,1006,3809,401,753,1,36,1512,2,1,1474,20,15,4,0,6,1348,101,3107,818,106,3998,1,11,595,0,1152,463,2,5776,0,1187,8,102,1,0,32,20,1,0,21,183,26,0,0,33,18,0,0,0,1441,3712,0,0,1,1,4,87,0,51,0,0,8,6535,1,82,21,29,3,22,10,1,0,0,0,0,0,0,54,263,5,6,1,122,0,0,473,5518,0,267,89,2,1,96,566,139,3,1667,0,513,1592,55,401,162,5207,8559,2241,4,0,399,12,15670,6,0,52,0,358,1114,1595,108,486,1,13,1992,1756,552,82,198,10,5446,710,616,440,52,0,207,9925,484,421,3,555,53,6,10,162,1426,89,272,51,154,1024,171,45,191,258,996,1,881,7319,0,238,173,8,25,0,5,2,2,5026,0,1,0,31,205,30,3,3,6,19923,1537135,577,0,4787,4681,2,396,90],[1,0,0,1,0,0,14,8,3,1,1,2,76,0,275,3,4,3603,1,0,0,4,137,6,0,1,3,0,0,1,4,2,0,0,1,13,1,0,4,0,15,0,3,0,0,0,0,1,0,0,0,0,0,0,0,11,0,0,0,17,45,0,0,0,0,0,5,0,1,0,0,0,82,0,14,0,5,0,5,0,0,79,0,0,0,77,0,0,136,0,0,0,0,0,0,6,0,0,0,0,0,0,0,0,0,0,0,0,0,0,2,3,0,3727,0,1,0,0,0,0,137,0,0,0,0,0,1,61,0,0,0,0,0,1,0,0,0,0,0,2,0,0,4,0,0,0,0,0,0,0,0,0,0,0,0,0,1,0,0,6,0,0,0,1,8,0,0,0,0,0,0,0,0,0,2,0,0,5,0,0,0,0,0,0,0,0,0,88,1058,0,0,0,0,0,0,0],[2,1,34,10,21,16,132,0,59,141,98708,0,160,24,0,0,496,1,1,166,12,37,0,1348,1,0,1240,0,258,7,720,1,2,2,0,244,0,0,1,0,0,0,0,0,0,0,0,0,0,0,0,0,0,0,0,0,0,0,0,0,0,0,0,0,0,1,0,0,0,0,0,2,0,0,0,0,0,0,0,0,0,0,0,0,0,0,0,0,9,0,0,0,0,0,0,0,0,0,11,0,0,0,17,0,18,0,37,0,3,215,37,830,22,30,4,3,0,0,2,1,155,0,0,0,0,48,26,0,4,1,0,2,0,135,0,0,0,0,1,0,0,0,0,0,0,0,0,1,0,0,0,0,0,0,1,0,0,0,0,0,0,0,1,0,57,0,0,0,0,12,0,1,0,0,0,0,0,0,0,0,0,0,3,0,1,0,0,1725,52791,4,4,10,0,0,0,0],[1,12,719,6,21,67,150,6,33,1616,1496,367,687,580,2,1,467,1,5,759,43,65,2,101,3,1240,0,1139,36,25,893,2,3,88,0,182,11,0,151,0,504,2,73,2,6,83,7,0,0,0,2,2,1,0,11,1,1,0,0,19,90,0,0,0,0,4,3,1,3,0,2,4,84,0,21,2,1,1,1,0,0,0,0,0,4,0,0,3,6,2,2,0,2,0,0,6,41,0,40,5,0,1,7,11,20,0,67,0,9,108,6,52,4,137,143,18,3,0,7,1,270,6,0,0,0,37,9,29,29,34,11,3,21,52,7,2,1,2,307,113,9,137,76,0,2,349,103,11,2,21,7,1,4,14,168,13,17,4,15,77,29,8,69,41,47,0,9,38,0,21,1,0,0,0,0,1,0,167,0,1,0,61,143,8,1,1,1,342,3617,1910,0,145,220,1,16,5],[609,0,49107,15,1,2982,5443,1,21911,1903,1393,0,1086,2363,1,0,48,1,6,105,226,11,1,3107,0,0,1139,0,879,574,11,4,7,80,5,15567,0,0,501,1,3,6,3,0,2,0,2,0,1,5,0,0,1,1,5,0,0,1,1,2,14,0,0,0,1,6,1,1,2,7,2,19,10,0,3,0,1,2,0,5,0,0,1,0,0,0,242,2,2,1,1,0,2,0,0,1,1,1,81,2,1,1,276,100,17,22,2427,0,54,3940,248,27295,105,1268,88,63,34,28,23,18,20897,17,0,0,0,675,221,1,111,13,16,25,2,2420,3,1,5,0,81,17,3,1,3,0,1,16,1,13,1,4,2,1,2,4,42,2,0,0,3,36,4,1,8,7,1899,0,1,0,0,260,0,0,0,0,1,0,0,3,1,0,0,5,357,6,29,0,53,6610,147403,5670,46,19809,0,3,3,157],[0,95,779,0,14,49,68,1,10,432,45,3531,18281,325,0,0,434,1,18,144,231,14,2,818,0,258,36,879,0,5,616,0,28,23,0,697,3353,1,1347,0,268,0,18,0,0,6,1,0,0,0,52,7,0,0,0,3,0,0,0,417,1062,0,0,0,0,0,29,0,18,0,0,0,1889,0,1,6,9,1,7,2,0,0,0,0,0,0,0,13,72,0,0,0,35,0,0,137,1583,0,23,24,0,0,6,110,0,0,314,0,141,12,0,0,19,907,2350,636,0,0,111,1,4102,1,0,15,0,20,290,429,18,119,7,0,573,248,142,22,55,0,1422,370,162,27,8,0,55,2672,113,116,0,0,4,0,0,4,17,6,63,10,28,192,9,2,8,13,19,0,158,1272,0,14,30,1,4,0,0,0,0,1037,1,0,0,17,124,0,7,1,24,2548,95493,569,0,733,937,0,78,13],[0,0,41715,0,0,1651,6200,0,500,48,21,37,34,26,17,0,20,0,29,10,0,0,0,106,1,7,25,574,5,0,21,40,0,363,0,66,0,0,214,0,26,0,4,0,0,4,1,0,0,0,0,0,0,0,0,0,0,1,0,7,23,0,0,0,0,2,0,0,0,0,0,0,37,0,0,0,0,3,0,3,0,0,0,0,0,0,0,0,2,3,0,0,3,0,0,2,8,0,71,1,0,0,15,32,1,1,319,0,12,720,33,1176,4,40,259,5,2,0,91,2,314,1,0,0,0,100,29,4,617,2,1,5,3,81,1,0,0,0,68,16,1,188,5,0,0,54,22,1,0,1,5,0,1,7,169,9,2,1,7,7,16,5,44,29,96,0,1,5,0,82,0,0,0,0,0,0,0,34,0,0,0,0,176,3,8,0,19,300,11451,1479,26,4774,3,1,1,37],[6,2,57,19,1828,48,202,2,101,217,617,2,279,76,1,0,12,2,3,260,23,93,2,3998,4,720,893,11,616,21,0,2,9,4,1,355,0,0,93,0,0,9,0,0,0,0,0,0,0,0,0,0,0,0,0,0,0,0,0,7,0,0,0,0,0,5,0,0,0,1,0,10,57,0,0,0,0,0,0,0,0,0,0,0,0,2,3,0,0,1,0,0,0,0,1,4,0,1,7,0,0,0,16,2,2,0,98,2,5,316,26,1656,14,247,26,7,1,2,10,2,2266,1,0,0,0,94,42,0,27,1,1,3,0,1050,0,0,0,0,5,0,0,1,0,1,0,0,0,6,0,0,0,0,0,0,0,0,0,0,0,6,0,0,0,0,2650,0,0,0,1,54,0,2,0,0,0,0,0,14,1,0,0,0,68,3,13,0,7,12442,369954,22,33,58,0,0,0,0],[371,121,7,0,0,0,543,0,0,1,4,1,35,1,75,0,1,534,1597,0,54,0,9,1,2,1,2,4,0,40,2,0,0,2,0,0,0,0,25,0,5,0,1,0,0,0,0,0,0,0,0,0,0,0,0,2,0,0,0,11,32,0,0,0,0,0,1,0,0,0,0,0,55,0,2,0,1,0,1,0,0,0,0,0,0,0,0,0,23,0,0,0,0,0,0,4,2,0,321,0,0,0,1,0,0,0,15,0,0,3,4,27,2,536,4,1,0,0,0,0,102,0,0,0,0,6670,4,11,0,0,0,0,4,8,10,1,0,0,1,2,10,0,21,0,3,2,5,0,0,0,0,0,0,0,0,0,0,0,0,15,0,0,0,1,1,0,1,1,0,7,0,0,0,0,0,0,0,21,0,0,0,12,0,0,0,0,0,186,2203,369,0,1,24,0,2,1],[0,1,4,21,0,1,0,25,2,0,0,1,8,0,3,485,3,0,415,0,0,245,63,11,0,2,3,7,28,0,9,0,0,0,114,52,11,0,33,0,91,0,13,0,0,15,0,0,0,0,3,0,0,0,0,0,0,0,0,12,29,0,0,0,0,0,1,0,1,0,0,0,54,0,0,0,0,0,0,0,0,0,0,0,0,0,0,0,2,0,0,0,1,0,0,4,44,0,52,3,0,0,0,3,0,0,7,0,3,0,0,13,1,20,438,18,0,0,11,0,127,0,0,0,0,2,7,11,0,3,0,1,15,28,7,1,1,0,36,5,8,0,19,0,3,116,6,3,0,0,0,0,0,0,0,0,2,0,1,5,0,0,0,0,2,0,4,32,0,61,1,0,0,0,0,0,0,27,0,0,0,0,0,0,0,0,0,487,20140,0,0,16,21,0,2,0],[1,0,1539,2,0,104,4033,0,618,127,53,0,568,64,1,0,5,0,2,12,122,0,0,595,0,2,88,80,23,363,4,2,0,0,0,317,0,0,36,1,1,19,0,0,0,0,3,0,0,0,0,0,0,0,6,0,0,1,0,2,57,0,0,0,0,2,0,0,0,17,1,13,9,0,10,0,0,0,0,0,0,0,0,0,0,0,0,3,4,1,3,0,0,0,0,2,0,1,29,1,0,0,24,9,11,3,40,1,7,367,37,11342,16,110,103,20,2,24,58,4,761,4,0,0,0,110,17,3,90,3,3,5,2,32,0,0,1,0,126,14,2,70,1,0,0,29,110,8,1,115,2,2,1,5,40,3,52,15,7,71,9,2,18,13,391,0,0,0,0,111,0,0,0,0,0,0,0,7,0,0,0,0,32,0,2,0,4,792,6466,106,3,351,6,0,0,3],[0,0,0,0,0,0,0,618,3,0,0,0,1,0,0,185,0,0,143,1,0,73,90,0,1,0,0,5,0,0,1,0,114,0,0,16,3,0,3,0,1,0,0,0,0,0,0,0,0,0,1,0,0,0,0,0,0,0,0,1,3,0,0,0,0,0,0,0,0,0,0,0,6,0,0,0,0,0,0,0,0,0,0,0,0,0,0,0,0,0,0,0,0,0,0,0,3,0,17,1,0,0,0,0,0,0,1,0,0,2,0,4,1,2,139,3,0,0,3,0,17,0,0,0,0,6,1,1,0,0,0,1,1,4,1,0,0,0,3,0,2,0,2,0,1,10,1,0,0,0,0,0,0,0,0,0,0,0,0,1,0,0,0,0,5,0,0,3,0,15,0,0,0,0,0,0,0,2,0,0,0,0,0,0,0,0,0,2077,5242,0,0,1,2,0,0,0],[689,319,3978,12,2,358,985,0,562,33093,101,946,2059,8960,1,4,186,10,1701,167,530,12,7,1152,13,244,182,15567,697,66,355,0,52,317,16,0,9,2,176,0,65,43,9,0,0,9,174,0,0,0,1,0,2,0,85,5,0,6,0,62,393,0,0,3,1,8,5,0,7,15,5,10,268,0,209,4,2,53,2,0,18,0,0,0,19,0,10,14,30,31,11,0,1,0,0,17,17,1,393,6,13,0,39,25,28,5,365,0,43,631,50,4497,20,515,328,95,4,0,52,3,3422,3,0,0,5,125,25,129,1726,251,186,6,19,88,7,1,2,6,143,580,48,1980,13,0,2,2057,6728,18,5,27,15,2,15,32,453,27,48,29,25,138,52,17,83,91,188,0,6,7,0,64,1,0,0,0,1,0,0,166,3,2,0,81,42,6,19,7,2,1428,32548,2531,11,13,237,15,15,5],[2,2,0,8,0,1,5,5,6,20,11,0,684,1,11,11,0,4,5,7,85,30,9,463,1,0,11,0,3353,0,0,0,11,0,3,9,0,0,1,0,7,0,1,0,0,1,0,0,0,0,0,0,0,0,0,0,0,0,0,0,1,0,0,0,0,1,0,0,0,0,0,4,0,0,0,0,0,0,0,0,0,0,0,0,0,0,0,0,0,0,0,0,0,0,0,0,0,0,2,0,0,0,0,0,0,0,1,0,0,5,0,10,0,1,1,1,0,0,0,0,1,0,0,0,0,8,0,0,1,0,0,0,0,1,0,0,0,0,13,46,0,0,1,0,0,4,0,1,0,0,0,0,0,0,2,0,0,0,0,0,0,0,0,0,5,0,0,0,0,8,0,0,0,0,0,0,0,0,0,0,0,0,5,0,1,0,0,87,1198,1,3,1,0,0,0,0],[0,0,2,0,0,0,0,0,5,19,0,0,1,3,0,0,0,0,0,0,0,0,0,2,0,0,0,0,1,0,0,0,0,0,0,2,0,0,185,0,3976,334621,1,1,0,0,0,0,0,0,0,0,0,0,0,0,0,0,0,0,2,0,0,0,0,0,0,0,0,0,0,0,0,1,0,0,0,0,0,0,0,0,0,0,0,0,0,0,0,0,0,0,0,0,0,0,0,0,5,0,0,0,807,0,242,0,419,0,47,20280,846,38,136,327,6777,48,0,170,0,0,3,0,0,0,0,4110,149,2,0,26,0,39,0,1173,142,10,0,82,18,26,119,5,569,0,53,2679,98,1182,0,0,1,29,0,1,6,0,0,0,0,74,8474,0,56,1,2926,0,0,0,0,461,0,0,0,0,0,0,0,27,0,0,0,8,245,0,0,0,13,6004,10947,0,0,0,4,0,0,0],[33,5,577,30,11,240,2335,4,106,131,74,68,530,22,4,0,301,11,20,81,25,56,4,5776,4,1,151,501,1347,214,93,25,33,36,3,176,1,185,0,963,406615,175,624,35,6201,48531,1375,2,0,0,29,0,0,1,2234,0,0,1,0,106,1185,4,0,0,4,73,2,0,0,5,419,249,26531,0,137,16,2,0,2,529,0,3,0,10,158,25,21,8,4,14,0,0,0,1,5,197,0,71,2070,104,41,0,1524,663,793,4,797,1,348,8121,413,2542,742,1969,65838,2253,10,34,1288,53,15429,2,5,0,0,933,597,62,330,213,15,116,45,2821,67956,15623,350,7,628,2956,32514,2152,326,0,8672,3055,5589,152,0,2,7,4,1,9,113,21,3,7,6,111,35,10,3,68,9166,534,144,1187,21,2649,272,15,42,0,6,7,610,25337,5521,0,936,32417,1792,22878,102228,4114,1355,22747,125124,2018,18150,5493,1253,1070,7,43],[0,0,1,0,0,0,0,0,2,0,0,0,1,0,0,0,0,0,0,0,0,0,0,0,0,0,0,1,0,0,0,0,0,1,0,0,0,0,963,0,116,0,5,2,16020,6,0,0,0,0,1,0,0,0,0,0,0,0,0,9,23,0,0,0,0,0,0,0,0,0,0,0,45,0,0,1,1,0,0,0,0,0,0,0,0,0,0,0,1,0,0,0,0,0,0,3,12,0,13,1,0,0,0,1,1,0,5,0,1,26,0,0,38,26,101,8,0,0,2,0,31,0,0,0,2,1,2,3,0,1,23,0,5,7,6,1,1,0,16,2,7,0,11,0,3,104,3,151,0,125,88,0,24,193,7103,444,34,24,127,56,1027,174,570,1068,7,0,3,14,0,12,0,0,0,0,0,0,0,100,0,2,0,68,64,0,0,0,11,51,10,1864,0,298,785,0,83,8],[2,129,36,33,43,19,198,87,190,55,26,0,130,18,1,0,2,13,4,13,6,355,20,1187,15,0,504,3,268,26,0,5,91,1,1,65,7,3976,406615,116,0,1812,33296,314,78497,187076,0,0,2,0,581,2,1,7,0,0,1,0,0,28,17,24,0,1,9,1261,0,0,0,7,1602,470,215,0,0,299,0,315,0,2152,1377,13,0,0,6,89,941,0,0,182,0,0,0,2,8,20,707,420,3379,169,0,0,1352,593,187,3,1544,24,238,10215,1524,3055,434,2601,60209,2523,9,8,2737,43,14033,26,1,1,0,2024,1390,0,808,49,7,95,3,1860,51574,2713,249,78,330,304,17094,283,7553,0,2519,3908,88,127,0,1,2,6,8,4,75,9,0,0,2,28,23,4,8,25,22109,218,0,0,25,11138,25,28,17,0,0,1,439,604,258,0,10605,31308,1586,24540,45259,1,767,84389,361696,2288,6685,3767,188,65,1,42],[0,0,57,1,0,1,0,0,13,0,8,1,1,9,0,0,4,0,0,1,0,0,0,8,0,0,2,6,0,0,9,0,0,19,0,43,0,334621,175,0,1812,0,0,171,0,310727,0,0,0,0,0,4,0,0,0,0,0,0,0,1131,361,0,0,0,0,3,22,0,0,0,0,0,5293,0,0,0,0,0,0,0,0,0,0,0,0,0,0,0,0,0,0,0,0,0,0,443,0,0,5,0,0,0,1690,509,92,3,2427,0,25,18029,2733,168,756,5683,9375,1163,0,0,0,4,7769,47,0,0,0,5239,1336,56,10,10,16,13,98,15851,3,2,57,127,22025,144,69,530,125,0,28,4529,103,3046,0,7014,615,8,0,67,6,66,13,2,41,3853,101,169,0,252,4855,0,0,0,0,818,0,0,0,0,0,0,0,160,0,0,0,0,1,0,48,0,1,4012,14405,0,0,0,1888,0,0,0],[0,18,7,4,6,4,31,12,34,10,3,0,15,4,0,0,0,2,0,1,1,48,3,102,3,0,73,3,18,4,0,1,13,0,0,9,1,1,624,5,33296,0,0,4,710,19,0,0,0,0,405,0,0,1,0,0,0,0,0,3,0,2,0,1,2,278,0,0,0,2,0,73,24,0,0,65,0,58,0,504,260,4,0,0,2,30,56,0,0,23,0,0,0,0,2,2,131,67,782,0,0,0,397,63,25,0,15691,5,54,43886,3774,399,292,10857,42095,474,2,1,261,50,20705,527,0,0,0,4328,3436,4,93,12,1,20,0,2662,5707,299,50,5,34,32,1304,1217,0,0,272,0,0,28,0,0,0,1,1,0,0,0,0,0,0,38,0,0,0,0,29407,30,0,0,6,5641,108,6,3,0,0,0,655,0,147,0,1796,8314,314,3777,17926,0,222,65712,59151,2134,1046,3513,2795,3,0,49],[0,0,0,0,0,0,0,0,1,1,1,0,0,0,0,0,0,0,0,0,0,0,0,1,0,0,2,0,0,0,0,0,0,0,0,0,0,1,35,2,314,171,4,0,8,23,0,0,0,0,0,0,0,0,0,0,0,0,0,16,13,0,0,0,0,0,0,0,0,0,0,0,89,0,0,0,0,0,0,0,0,0,0,0,0,0,0,0,0,0,0,0,0,0,0,6,0,0,15,0,0,0,3,0,2,0,30,0,0,34,4,2,1,2,19,4,0,0,0,0,10,0,0,0,0,13,3,0,0,0,0,1,0,13,5,1,0,0,0,0,1,0,1,0,0,0,0,6,0,0,0,0,0,0,0,0,0,0,0,11,2,0,0,0,131,0,0,0,0,57,0,0,0,0,0,0,0,2,0,0,1,5,1,8,22,0,0,31,73,0,1,1,0,0,0,0],[0,0,0,0,0,0,0,0,5,0,3,0,0,0,0,0,0,0,0,0,0,0,0,0,0,0,6,2,0,0,0,0,0,0,0,0,0,0,6201,16020,78497,0,710,8,0,1311,0,0,0,0,0,0,0,0,0,0,0,0,0,0,3,0,0,0,0,0,0,0,0,0,0,0,2,1,0,1,0,0,0,0,0,0,0,0,0,0,0,1,0,0,0,0,0,0,0,0,0,0,29,1,0,0,162,4,2,0,255,0,56,2219,71,134,86,286,11589,7,0,0,0,9,128,5,0,0,0,210,101,1,0,12,0,19,4,103,584,44,0,0,4,96,243,2,723,0,70,1679,69,4,0,0,2,0,0,1,1,4,0,0,1,91,5,1,0,9,1801,0,3,0,0,301,0,0,0,0,0,0,2172,164,111,4,0,31577,463,0,17156,0,414,813,9570,3638,4505,0,1978,0,18,5],[0,22,6,5,7,4,23,15,29,26,2,0,16,6,0,0,0,0,0,0,0,60,3,32,0,0,83,0,6,4,0,0,15,0,0,9,1,0,48531,6,187076,310727,19,23,1311,0,0,0,0,0,92,0,0,0,0,0,0,0,0,28,50,2,0,122,0,205,0,0,0,0,0,77,90,17,0,51,0,48,0,326,225,0,0,0,0,0,53,8,0,27,0,0,0,0,0,8,113,64,496,0,0,0,1085,90,287,0,696,0,84,23067,1094,356,226,778,15952,352,0,180,368,7,2191,5,0,0,0,4749,307,3,116,35,0,54,8,1662,9051,601,32,89,384,803,5388,212,17219,0,1914,75978,2792,1232,11,0,2,31,2,2,0,4,1,0,1,101,6,2,0,15,6636,28,0,0,0,2232,4,1,2,0,0,0,50,188,27,0,1317,4692,477,2201,34327,0,347,19544,69835,259,609,407,49,0,7,5],[1,4,6,1,0,1,2121,0,28,16,1,18,12,6,0,0,0,0,0,0,0,0,0,20,0,0,7,2,1,1,0,0,0,3,0,174,0,0,1375,0,0,0,0,0,0,0,0,0,5,1,492,9,10,1,9286,52,0,768,0,2,0,208,0,1,206,1,2,0,0,55,0,13,11,0,0,0,13,11,0,1,36,0,11052,0,104,0,349,0,0,4,0,139,0,4,0,1,227,0,4129,53781,4,0,65,283,5,0,2032,23,37,1087,41,880,54,2767,895,5,0,0,70,8,567,3,0,0,0,1308,41,4,43159,10,0,13,0,174,0,0,0,0,0,0,0,0,0,0,0,0,0,2,0,0,0,0,0,0,0,0,0,0,0,49,0,0,0,0,280,0,0,0,0,187,0,0,0,0,0,0,0,80,0,0,0,0,908,0,8,0,96,981,4128,0,0,0,0,0,0,0],[0,0,0,0,0,0,1,0,0,0,0,0,1,0,0,0,0,1,0,0,0,0,0,1,1,0,0,0,0,0,0,0,0,0,0,0,0,0,2,0,0,0,0,0,0,0,0,0,0,0,2,0,0,1,17645,0,0,0,0,0,0,399,0,0,4,0,0,0,0,1,39,0,0,0,0,0,0,6,0,0,730,2,0,0,0,7,379774,0,0,0,0,4,0,0,1,0,34672,64,106,369,312,0,2,31,0,0,42,0,0,57,52,11,2,1,30,1,0,0,0,0,93,0,0,0,0,50,1,0,4,0,0,1,0,17,0,0,0,0,1,0,0,0,0,0,0,0,0,1,0,0,0,0,0,0,0,0,0,0,0,0,0,0,0,0,8,0,0,0,1,20,0,1,0,0,0,0,0,0,0,0,0,0,1,0,0,0,0,464,73,0,0,0,0,0,0,0],[0,0,0,0,0,0,0,0,1,0,0,0,3,0,0,0,0,0,0,0,0,0,0,0,0,0,0,1,0,0,0,0,0,0,0,0,0,0,0,0,2,0,0,0,0,0,5,0,0,3869,0,37,5290,0,99,328,0,0,0,15,54,0,0,0,1624,24926,205,2,0,0,0,37,76,0,2,0,253,0,26,0,0,0,0,18692,21693,0,0,157,399,47,0,6,0,93,14090,5,0,0,11,1,0,0,2,107,1,0,7,0,3,91,4,27,0,511,0,1,0,0,0,0,234,12,0,0,0,4,0,6,0,0,0,2,1,4,0,0,0,0,0,11,0,0,0,0,0,10,0,0,0,0,0,0,0,0,0,0,0,0,0,7,0,0,0,0,1,0,0,0,0,1,0,0,0,0,0,0,0,1,0,0,0,0,0,0,0,0,0,67,62,0,0,0,0,0,0,0],[0,0,3,0,0,0,0,0,0,1,0,0,0,0,0,0,0,0,0,0,0,0,0,21,0,0,0,5,0,0,0,0,0,0,0,0,0,0,0,0,0,0,0,0,0,0,1,0,3869,0,0,6,400274,0,0,12,0,0,0,15,67,0,0,0,810,52874,69,32,0,0,0,422,69,0,0,0,4985,0,50,0,0,0,0,12717,1658,0,0,3,1596,17,0,4,0,0,32,4,0,0,0,3,0,0,16,4,0,0,99,0,3,768,12,103,1,445,0,1,0,0,0,0,2427,0,0,0,0,57,0,0,0,1,0,1,2,16,0,0,0,0,0,1,0,0,0,0,0,2,0,0,0,0,0,0,0,0,0,0,0,0,0,9,1,0,0,1,4,0,0,0,0,1,0,0,0,0,0,0,0,0,0,0,0,0,0,0,0,0,0,177,139,0,0,0,0,0,0,0],[0,1,6,1,0,0,10,3,5,6,3,0,4,1,0,0,0,0,1,2,1,6,1,183,0,0,2,0,52,0,0,0,3,0,1,1,0,0,29,1,581,0,405,0,0,92,492,2,0,0,0,0,0,0,1972,0,0,0,0,3,12,0,0,0,0,26,0,0,0,0,168,12,16,868,0,93,0,677,0,311,174,0,60,2,109,0,4,3,0,2,0,0,1238,0,0,1,891,44,6628,3845,6416,0,1,1,0,0,3,28,0,41,6,26,1,4,26,0,0,0,5,0,14,0,0,1,0,10,4,0,5,0,0,1,8,24,0,0,0,0,4,1,4,0,113,0,2,294,10,5,0,0,1,0,0,1,27,2,0,0,1,23,2,1,0,5,333,0,0,0,0,7,0,0,0,0,0,0,0,18,1,0,0,15,76,1,16,0,3,42,391,182,24,9,10,0,1,0],[0,0,1,0,0,0,1,0,0,3,1,0,3,0,0,0,0,0,0,0,0,0,0,26,0,0,2,0,7,0,0,0,0,0,0,0,0,0,0,0,2,4,0,0,0,0,9,0,37,6,0,0,13,0,15178,410,0,0,0,5,39,0,0,106,52,28,9,4,13,70,0,10,25,0,4,0,77,0,20,0,0,0,0,15,209,0,62,1575,526,0,2,8,0,2505,53,2,1,0,28,0,0,0,6,0,0,0,17,0,0,115,2,51,2,1647,2,6,0,0,0,0,77,27,0,0,0,14,1,2,968,3,0,0,0,7,0,0,0,0,4,2,3,50,2,0,1,143,9,2,24,1,0,0,0,0,5,0,0,0,0,1,1,0,1,1,2,0,0,0,0,4,0,0,0,0,0,0,0,0,0,0,0,0,1,0,1,0,0,132,364,0,1,2,2,0,0,0],[0,0,0,1,0,0,0,0,2,1,1,0,2,1,0,0,0,0,0,0,0,0,0,0,0,0,1,1,0,0,0,0,0,0,0,2,0,0,0,0,1,0,0,0,0,0,10,0,5290,400274,0,13,0,0,0,0,0,7,0,28,106,0,0,0,537,28330,17888,1301,208,0,0,8860,1131,0,0,0,77771,0,328,0,0,0,0,621,7653,0,0,36,13754,575,0,0,0,0,6035,9,0,46,216,15,0,0,80,202,4,0,533,0,21,2364,213,855,65,5664,817,22,0,0,0,2,6607,4,0,0,0,257,117,0,5,4,0,8,4,432,0,0,0,0,0,2,1,0,0,0,0,30,1,2,0,0,1,0,0,1,0,1,0,0,1,30,2,1,0,4,68,0,0,0,0,12,0,0,0,0,0,0,0,55,0,0,0,0,0,0,0,0,0,628,6897,0,0,22,0,0,0,0],[0,0,0,0,0,1,0,0,0,1,0,0,1,1,0,0,0,1,0,0,0,0,0,0,0,0,0,1,0,0,0,0,0,0,0,0,0,0,1,0,7,0,1,0,0,0,1,1,0,0,0,0,0,0,0,59,0,0,0,13,54,0,0,0,2066,165,3,0,0,235,0,0,70,0,4,0,3,0,2,0,0,0,0,374,17357,0,0,8954,40,0,0,8,0,1185,0,4,0,0,167,2,0,0,13,0,1,0,422,0,8,841,30,390,8,972,0,0,0,0,0,1,945,0,0,0,0,67,21,18,0,1,0,4,1,25,0,2,0,0,0,1,17,0,2,0,7,542,13,0,0,0,0,0,0,0,0,0,0,0,0,8,0,0,0,1,0,0,0,0,0,5,0,0,0,0,0,0,0,2,0,0,0,0,0,0,0,0,0,743,4237,0,0,0,0,0,0,0],[0,0,12,0,0,7,3051,0,46,36,3,34,21,9,0,0,0,0,0,0,0,0,0,33,0,0,11,5,0,0,0,0,0,6,0,85,0,0,2234,0,0,0,0,0,0,0,9286,17645,99,0,1972,15178,0,0,0,48395,0,881,0,40,26,2270,0,53,4737,257,0,0,0,0,13361,0,249,0,94,0,21,2002,28,0,5391,0,13071,225,0,0,687613,6595,0,0,0,688,0,6991,0,18,126761,179521,10976,135532,7301,0,588,11255,30,0,3961,0,124,26189,331,1933,605,34936,0,66,0,0,157,12,3610,24,0,0,0,7080,384,33,71309,48,0,59,0,1591,1321,79,0,345,314,1,404,43,0,0,92,0,0,34,0,0,0,0,0,0,0,0,0,0,0,100,0,0,0,1,1239,0,0,0,0,207,0,0,0,0,0,0,0,126,0,0,0,0,1448,0,0,0,155,14289,13168,0,0,0,0,0,0,0],[0,0,8,0,0,0,10,0,10,4,1,0,3,2,0,0,0,10,0,0,1,0,0,18,11,0,1,0,3,0,0,2,0,0,0,5,0,0,0,0,0,0,0,0,0,0,52,0,328,12,0,410,0,59,48395,0,0,0,0,10,3,0,0,0,1406,302,0,2,0,312,0,4,53,0,0,2,110,0,30,2,0,10,0,194,311,54,5,0,857,2,0,15,0,197,367,4,0,1,3220,509,0,0,35,5,13,0,1295,1,9,240,25,401,2,2027,12,91,0,1,506,0,1070,0,0,0,0,135,4,0,517,2,1,5,0,54,2,0,0,0,6,0,1,17,0,0,0,2,0,3,0,1,1,1,1,4,34,3,1,1,3,0,8,2,13,9,23,0,0,0,9,32,0,10,0,0,0,0,0,0,2,0,0,0,1,1,5,0,0,165,483,0,6,3,0,0,0,0],[0,0,0,0,0,0,0,0,0,0,0,0,0,0,0,0,0,1,0,0,0,0,0,0,0,0,1,0,0,0,0,0,0,0,0,0,0,0,0,0,1,0,0,0,0,0,0,0,0,0,0,0,0,0,0,0,0,0,0,36,2,31,0,0,0,0,0,0,0,0,39,0,182,0,0,1019,0,0,0,0,0,7133,0,0,0,271,0,0,1,0,0,0,0,0,0,18,96,0,17,0,0,0,0,0,0,0,2,0,0,1,0,1,0,53,0,0,0,0,0,0,4,0,0,0,0,2,0,1,0,0,0,0,0,2,0,0,0,0,0,0,0,0,0,0,0,0,0,0,0,0,0,0,0,0,0,0,0,0,0,0,0,0,0,0,0,0,0,0,0,0,0,0,0,0,0,0,0,0,0,0,0,0,0,0,0,0,0,7,10,0,0,0,0,0,0,0],[0,0,23,0,0,0,15,0,0,1,0,16,1,0,0,0,0,0,0,0,0,0,0,0,0,0,0,1,0,1,0,0,0,1,0,6,0,0,1,0,0,0,0,0,0,0,768,0,0,0,0,0,7,0,881,0,0,0,0,2,4,0,0,0,5,30,34,11,776,0,0,1,7,0,0,0,3,14,12,0,26,0,0,1,256,0,0,0,446,2,0,722,0,0,0,0,9,0,3,3,12,0,1,9,0,0,206,1,1,55,4,610,1,37,13,1,0,0,0,7,55,2,0,0,0,332,21,1,4693,0,0,1,1,72,0,0,0,0,1,0,0,0,0,0,0,2,0,0,0,1,1,0,0,2,22,2,1,0,3,5,5,1,17,6,0,0,0,1,0,1,0,0,0,0,0,0,0,1,0,0,0,0,0,0,0,15,1,115,7209,6,0,2,1,0,0,0],[0,0,0,0,0,0,0,0,0,0,0,0,0,0,0,0,0,0,0,0,0,0,0,0,0,0,0,1,0,0,0,0,0,0,0,0,0,0,0,0,0,0,0,0,0,0,0,0,0,0,0,0,0,0,0,0,0,0,0,29,190,10,0,17757,0,0,0,0,0,0,0,0,153,0,0,0,0,0,0,0,0,0,0,0,0,0,0,4561,0,0,4978,0,0,0,0,8,0,0,0,0,0,0,0,0,0,0,14,0,0,1,0,0,0,301,0,0,0,0,0,0,10,0,0,0,0,0,0,1,0,0,0,0,1,0,0,0,0,0,0,2,4,0,0,0,2,235,3,0,1675,0,0,0,0,1,0,1,0,0,0,59,2,0,0,3,0,0,0,0,0,0,0,0,0,0,0,0,0,0,0,0,0,0,0,0,0,0,0,0,0,0,0,0,0,0,0,0],[6,6,32,10,0,10,101,3,42,52,29,0,95,14,1,0,2,188,3,18,14,18,2,1441,17,0,19,2,417,7,7,11,12,2,1,62,0,0,106,9,28,1131,3,16,0,28,2,0,15,15,3,5,28,13,40,10,36,2,29,0,449,5,24906,5092,25,100,5,0,8,10,288,105,806,1,189,100,95,1,2,2,3,6,81,386,37,35,108,292,0,8,16,1,0,286,28,38,13,1499,45,0,1,2,344,65,122,21,949,19,209,7654,335,12839,196,72036,1030,514,26,157,131,17,5621,10,2,17,0,1314,245,14,485,65,51,112,17,820,165,6,37,1505,942,2565,487,5,134,0,78,3335,724,422,1338,1,1,19,3,2,34,5,1,0,7,719,62,4,28,6,527,0,0,0,65,133,0,106,3,0,0,1,0,442,57,0,0,3,115,97,455,4,22,10027,8813,18,84,32,0,0,18,0],[18,16,367,29,1,40,2783,8,221,231,81,4,224,57,3,0,10,38,8,49,39,47,5,3712,45,0,90,14,1062,23,0,32,29,57,3,393,1,2,1185,23,17,361,0,13,3,50,0,0,54,67,12,39,106,54,26,3,2,4,190,449,0,36,2,2469,69,468,20,0,0,39,838,320,13889,0,20,49,7,7,120,15,12,105,210,62,10122,178,326,4159,0,24,0,3,1,685,81,403,38,4334,1291,1,0,321,7813,538,255,71,3133,71,411,17831,1234,3279,536,16512,18617,6609,69,227,273,33,28605,3707,1222,47,0,7388,420,114,578,194,178,226,19,2120,126995,12160,734,16705,17399,95691,68924,82765,64,8367,20376,110858,18637,2725,10268,7,3,18,3,0,13,29,2,0,1,1566,53,3,28,15,24374,1,0,0,40,1451,0,41,2,0,0,2,2,95,164,0,2,44,768,431,1381,0,117,30631,125042,91,371,1031,1,3,25,1],[0,0,0,0,0,0,2,0,0,0,0,0,0,0,0,0,0,0,0,0,0,0,0,0,0,0,0,0,0,0,0,0,0,0,0,0,0,0,4,0,24,0,2,0,0,2,208,399,0,0,0,0,0,0,2270,0,31,0,10,5,36,0,0,1277,0,0,0,0,0,0,141,0,27,1,0,4,0,42,0,0,0,0,1,0,0,0,1583,11237,2,0,0,0,11,0,0,2,282,423,217,142,132,0,1,0,0,0,32,0,0,17,1,2,1,85,99,1,0,0,0,0,283,6,0,0,0,10,25,2,116,0,0,0,1,113,2,0,0,8,22,1,2,0,9,0,0,130,1,0,81,0,0,0,0,0,0,0,0,0,0,4,0,0,0,0,18,0,0,0,0,4,0,0,0,0,0,0,0,3,0,0,0,2,0,0,0,0,0,9,614,41,0,0,2,0,0,0],[0,0,0,0,0,0,0,0,0,0,0,1,0,0,0,0,0,0,0,0,0,0,0,0,0,0,0,0,0,0,0,0,0,0,0,0,0,0,0,0,0,0,0,0,0,0,0,0,0,0,0,0,0,0,0,0,0,0,0,24906,2,0,0,0,0,0,210,17,416,0,0,0,2,0,1,0,94,0,34,0,0,0,0,0,0,0,0,0,782,0,0,0,0,0,0,0,0,0,0,0,0,0,0,0,0,0,0,0,0,0,0,0,0,41,0,65,0,0,0,0,2,0,0,0,0,0,0,2,37,0,0,0,0,0,0,0,0,0,0,0,0,0,0,0,0,0,0,0,0,0,0,0,0,0,0,0,0,0,0,27,1,1,0,1,0,0,0,0,0,0,0,0,0,0,0,0,0,0,0,0,0,0,0,0,0,0,0,0,0,0,0,0,0,0,0,0],[0,0,3,0,0,0,0,0,2,1,0,0,4,0,0,0,0,0,0,0,0,0,0,1,0,0,0,0,0,0,0,0,0,0,0,3,0,0,0,0,1,0,1,0,0,122,1,0,0,0,0,106,0,0,53,0,0,0,17757,5092,2469,1277,0,0,0,33,0,0,0,0,86095,0,25982,0,111,0,0,0,2,0,365,0,0,181,0,0,366,213264,0,0,253513,32,0,6086,0,2036,1291,133053,658,0,0,0,194,0,11,0,1690,0,9,5860,5658,98,2695,242,19956,5,0,0,0,1,1588,0,0,0,0,9536,2992,2,1,3,0,4,1,6284,3968,232,0,977,722,6,1109,96,0,0,274,2,0,27,27,0,0,0,0,0,0,0,0,0,0,0,0,0,0,0,3134,0,0,0,0,815,0,0,0,0,0,0,0,0,0,0,0,0,4,0,0,0,1,4163,30637,0,0,0,0,0,0,0],[0,0,1,0,0,0,0,0,3,0,0,0,0,0,0,0,0,0,0,0,0,0,0,1,0,0,0,1,0,0,0,0,0,0,0,1,0,0,4,0,9,0,2,0,0,0,206,4,1624,810,0,52,537,2066,4737,1406,0,5,0,25,69,0,0,0,0,859,777,119,0,15759,0,6,88,0,112,0,7782,0,295,0,0,0,0,108,2268,0,192,456,8159,5,0,656,0,86,1539,29,1,0,54,9,0,0,5,34,0,0,1,0,0,160,1,478,1,2777,1,6,0,0,0,0,155,0,0,0,0,22,3,26,7,0,0,0,2,2,0,0,0,0,5,6,1,346,2,0,1,87,8,1,0,9,0,0,0,1,5,0,0,0,0,20,1,0,0,2,4,0,0,0,0,3,0,0,0,0,1,0,0,4,0,0,0,1,0,0,0,0,0,282,131,12,0,4,25,0,1,0],[0,0,118,25,0,3,18,0,4,3,0,1,0,3,0,0,1,0,0,0,0,0,6,4,0,1,4,6,0,2,5,0,0,2,0,8,1,0,73,0,1261,3,278,0,0,205,1,0,24926,52874,26,28,28330,165,257,302,0,30,0,100,468,0,0,33,859,0,742,303,2,0,64,34234,381,0,25,1,18687,0,86,4,0,0,0,6621,94167,0,4615,341,1945,1100,69,3,3,38,83422,31,138,18,1726,51,1,0,393,333,7,0,942,0,41,8608,409,1513,187,1555,21492,151,0,0,58,8,9096,6,0,1,0,3605,324,113,0,15,0,13,34,514,45,8,4,4,224,102,62,2523,297,0,22,1511,306,33,2,4,7,1,2,15,119,13,6,4,16,71,32,9,52,39,867,0,3,28,0,315,1,0,0,0,1,0,0,75,0,0,0,11,76,0,0,1,1,7990,39066,279,0,727,39,0,6,1],[0,0,2,1,0,1,7,0,6,4,2,0,8,1,0,0,0,5,0,1,1,1,0,87,5,0,3,1,29,0,0,1,1,0,0,5,0,0,2,0,0,22,0,0,0,0,2,0,205,69,0,9,17888,3,0,0,0,34,0,5,20,0,210,0,777,742,0,1390,1074,3,0,235513,29,0,0,0,247,0,156,0,0,1,0,185,1375,8,3,0,7600,131082,0,0,0,1,706,2,0,1,25,0,0,0,73,366,9,0,288,0,20,896,25,2143,5,1638,222,33,0,0,6,3,668,314,0,0,0,494,21,2,10609,5,0,8,1,59,0,0,0,0,3,2,0,22,0,0,0,265,6,4,0,1,1,0,0,2,18,2,1,0,2,19,5,1,11,6,16,0,0,0,2,6,0,3,0,0,0,0,0,0,1,0,0,0,3,0,3,0,1,755,3453,9,8,22,0,0,0,0],[0,0,0,0,0,0,0,0,3,1,0,0,0,9,0,0,0,0,0,0,0,0,0,0,0,0,1,1,0,0,0,0,0,0,0,0,0,0,0,0,0,0,0,0,0,0,0,0,2,32,0,4,1301,0,0,2,0,11,0,0,0,0,17,0,119,303,1390,0,2609,0,0,2613,0,0,0,0,286,0,257,0,0,0,0,202,2580,0,0,0,8781,3905,0,0,0,0,9,0,0,33,1,0,0,0,284,13,1,0,188,0,6,2997,372,4879,236,1053,885,24,0,0,0,5,572,18,0,0,0,206,558,1,638,1,0,2,0,2218,0,0,0,1,0,0,0,0,0,0,0,0,0,9,0,0,0,0,0,0,0,0,0,0,0,22,0,0,0,0,43,0,0,0,0,14,0,0,0,0,0,0,0,0,0,0,0,0,0,0,0,0,0,267,6103,0,0,0,0,0,0,0],[0,0,0,0,0,0,3,0,3,6,1,2,1,2,0,0,0,0,0,1,0,1,0,51,1,0,3,2,18,0,0,0,1,0,0,7,0,0,0,0,0,0,0,0,0,0,0,0,0,0,0,13,208,0,0,0,0,776,0,8,0,0,416,0,0,2,1074,2609,0,0,0,6311,67,0,0,0,0,0,454,0,0,0,0,0,1764,1,0,0,4644,20,0,0,0,0,0,5,0,0,10,0,0,0,24,7,0,0,106,1,8,87,22,1156,3,3667,17,1,0,0,1,1,189,0,0,0,0,91,8,0,47,3,0,5,0,60,0,0,0,0,1,0,0,0,0,0,0,0,0,0,0,0,0,0,0,0,0,0,0,0,0,49,0,0,0,0,8,0,0,0,0,1,0,0,0,0,0,0,0,0,0,0,0,0,1,0,1,0,0,42,171,0,2,0,0,0,0,0],[0,0,242,0,0,0,20,0,3,1,0,10,0,0,0,0,1,0,0,0,0,0,0,0,0,0,0,7,0,0,1,0,0,17,0,15,0,0,5,0,7,0,2,0,0,0,55,1,0,0,0,70,0,235,0,312,0,0,0,10,39,0,0,0,15759,0,3,0,0,0,0,0,68,0,6,0,4,0,2,0,0,0,0,1,528,0,0,1,55,0,0,542,0,0,0,4,0,0,3,0,0,0,2,256,0,0,46,0,0,21,0,0,0,1412,0,1,0,0,0,0,73,0,0,0,0,5,1,25,2,0,0,0,0,1,0,0,0,0,0,2,0,0,2,0,0,1,0,4,0,0,0,0,0,0,0,0,0,0,0,17,0,0,0,1,8,0,0,0,0,0,0,0,0,0,1,0,0,4,0,0,0,0,0,0,0,0,0,3,63,0,0,0,0,0,0,0],[0,0,3,2,0,5,0,0,15,8,5,1,62,5,0,0,0,0,0,0,0,0,0,0,0,0,2,2,0,0,0,0,0,1,0,5,0,0,419,0,1602,0,0,0,0,0,0,39,0,0,168,0,0,0,13361,0,39,0,0,288,838,141,0,86095,0,64,0,0,0,0,0,0,1364,13,2,0,0,0,0,0,50,0,16,0,0,0,10034,3630,0,52,6608,0,0,0,0,96,12753,57711,3519,83,16,0,334,1,6,0,1274,0,22,2614,585,350,184,416,56292,115,0,0,2,16,808,6,0,0,0,983,498,15,93,6,0,10,4,970,0,1,0,0,0,21,18,0,271,0,8,4909,25,82,3219,0,0,0,0,0,0,0,0,0,0,70,0,0,0,1,3919,0,0,0,0,881,0,0,0,0,0,0,0,67,0,0,0,0,245,0,0,0,25,10805,34495,0,0,0,0,0,0,0],[0,0,247,2,0,5,15,0,7,9,0,5,2,7,0,0,3,0,0,0,0,0,0,8,0,2,4,19,0,0,10,0,0,13,0,10,4,0,249,0,470,0,73,0,0,77,13,0,37,422,12,10,8860,0,0,4,0,1,0,105,320,0,0,0,6,34234,235513,2613,6311,0,0,0,543,1,2,1,2964,0,18,1,0,0,0,581,9170,0,0,26,5671,117059,0,0,4,4,0,36,192,0,286,21,0,0,150,187,0,0,415,0,14,4576,44,92,14,1186,1201,144,0,0,24,0,790,6,0,2,0,1313,89,75,52,12,0,0,68,1288,24,4,8,0,154,70,29,3880,96,0,10,925,31,23,0,0,10,3,0,10,306,13,8,2,12,179,17,8,0,47,57,0,7,68,0,49,2,0,0,0,0,0,0,125,0,0,0,0,25,0,0,0,0,408,8349,0,0,36,52,0,5,1],[31,28,75,45,1,44,532,13,186,215,145,0,369,53,5,0,18,68,15,80,70,84,8,6535,82,0,84,10,1889,37,57,55,54,9,6,268,0,0,26531,45,215,5293,24,89,2,90,11,0,76,69,16,25,1131,70,249,53,182,7,153,806,13889,27,2,25982,88,381,29,0,67,68,1364,543,0,3,1081,38,7,8,26,13,21,39,416,296,188,226,563,1707,3,45,138,6,0,1892,147,489,66,7144,289,2,4,16,1098,264,455,138,1352,93,268,7680,427,4861,162,2092,9371,2259,154,871,485,37,1235,30,17,311,0,1033,228,91,1398,213,472,269,82,608,949,30,181,7413,7767,20485,3213,576,909,0,508,22188,5284,3524,8144,6,15,58,17,12,225,15,5,1,52,3235,358,20,153,59,2185,0,0,0,52,590,0,65,3,0,0,3,2,2461,289,0,0,19,696,535,2347,23,3156,4826,19989,97,441,175,2,2,105,1],[0,0,0,0,0,0,0,0,5,1,0,0,1,0,0,0,0,0,0,0,0,0,0,1,0,0,0,0,0,0,0,0,0,0,0,0,0,1,0,0,0,0,0,0,1,17,0,0,0,0,868,0,0,0,0,0,0,0,0,1,0,1,0,0,0,0,0,0,0,0,13,1,3,0,0,0,0,3331,0,3,28,0,2,0,1,0,83,0,0,0,0,0,5,0,0,0,41,1,14778,5,1,0,2,0,0,0,80,0,1,109,21,18,1,4,277,2,0,0,24,0,14,0,0,0,0,54,6,0,24,0,0,2,0,19,3,0,0,0,0,0,1,0,0,0,0,0,0,3,0,0,0,0,0,0,0,0,0,0,0,0,0,0,0,0,180,0,0,0,0,152,0,0,0,0,0,0,0,0,0,0,0,2,0,6,3,0,0,124,574,0,7,2,0,0,0,0],[0,0,97,1,0,0,10,0,37,25,1,0,19,7,0,0,0,133,0,1,2,0,0,82,14,0,21,3,1,0,0,2,0,10,0,209,0,0,137,0,0,0,0,0,0,0,0,0,2,0,0,4,0,4,94,0,0,0,0,189,20,0,1,111,112,25,0,0,0,6,2,2,1081,0,0,3,3,0,4,1,0,4,0,9,0,24,1,0,0,0,3,0,0,1,8,78,0,1,185,0,0,0,361,16332,43,0,4256,0,71,32195,1843,131623,631,136710,1951,152,1,2,6,49,96119,4,0,0,0,36415,1362,1,655,18,2,31,2,1652,257,9,0,268,5964,493,1,64,3,0,0,639,284,117,307,0,0,4,0,0,0,0,0,0,0,1,0,0,0,0,350,0,0,0,130,65,0,11,7,0,0,0,0,61,1,0,0,0,89,0,3,0,10,9931,20610,0,2,3,0,0,0,0],[0,0,4,0,0,1,2,0,3,1,1,0,8,0,0,0,0,40,0,0,0,0,0,21,0,0,2,0,6,0,0,0,0,0,0,4,0,0,16,1,299,0,65,0,1,51,0,0,0,0,93,0,0,0,0,2,1019,0,0,100,49,4,0,0,0,1,0,0,0,0,0,1,38,0,3,0,0,0,0,682,0,1266,0,0,0,0,1,0,7,0,0,0,0,0,0,2,2,0,65,1,0,0,7,0,0,0,125,0,7,306,6,86,2,2359,9,5,0,0,2,1,464,0,0,0,0,38,45,4,1,2,0,4,0,34,0,0,0,0,5,1,0,1,54,0,0,120,3,0,0,1,1,0,0,1,27,2,0,0,1,1,4,1,4,5,48,0,0,0,0,26,0,0,0,0,0,0,0,10,1,0,0,0,4,10,20,0,1,565,569,0,53,10,0,3,0,0],[0,0,2,0,0,0,5,0,55,2,1,0,7,1,0,0,0,5,0,0,0,0,0,29,5,0,1,1,9,0,0,1,0,0,0,2,0,0,2,1,0,0,0,0,0,0,13,0,253,4985,0,77,77771,3,21,110,0,3,0,95,7,0,94,0,7782,18687,247,286,0,4,0,2964,7,0,3,0,0,0,954,1,0,2,0,24526,25883,10,1,0,2683,579,0,25,0,4,1375,0,0,5,36,2,0,0,18,18,2,0,88,0,9,578,17,1804,4,8116,12,4,0,4,10,0,327,2,0,0,0,60,9,1,23,3,0,5,0,29,0,0,0,15,35,4,0,0,0,0,0,0,0,3,0,0,0,1,0,0,0,0,0,0,0,33,0,0,0,0,12,0,0,0,2,8,0,3,0,0,0,0,0,1,1,0,0,0,1,1,4,0,0,508,431,0,9,2,0,1,0,0],[0,2,0,5,0,1,12,0,9,1,1,0,8,1,0,0,0,0,0,0,0,0,0,3,0,0,1,2,1,3,0,0,0,0,0,53,0,0,0,0,315,0,58,0,0,48,11,6,0,0,677,0,0,0,2002,0,0,14,0,1,7,42,0,0,0,0,0,0,0,0,0,0,8,3331,0,0,0,0,0,9,30732,0,0,0,0,0,0,0,0,0,0,0,1481,0,0,0,9411,0,0,8636,30887,0,9,53,2,0,250,11,6,417,21,82,6,6,3180,3,0,0,273,0,39,0,0,0,0,134,4,0,249,1,2,3,2,44,0,0,0,0,0,2,1,0,57,0,1,165,5,0,0,0,0,0,0,0,0,0,0,0,0,2,0,0,0,0,1643,0,0,0,0,1499,0,0,0,0,0,0,0,1,0,0,0,0,1,0,5,0,0,644,2635,0,0,0,0,0,0,0],[0,0,1,0,0,1,4,0,3,2,1,0,3,0,0,0,0,5,0,0,0,0,0,22,5,0,1,0,7,0,0,1,0,0,0,2,0,0,2,0,0,0,0,0,0,0,0,0,26,50,0,20,328,2,28,30,0,12,0,2,120,0,34,2,295,86,156,257,454,2,0,18,26,0,4,0,954,0,0,0,0,1,0,109,93,7,1,1,12914,20,0,1,0,5,71,1,0,2,28,1,0,0,5,13,0,0,35,0,1,126,4,370,2,1361,7,1,0,0,2,0,856,0,0,0,0,18,3,0,48,0,0,1,0,10,12,0,0,0,2,8,11,3,0,0,6,129,28,2,2,0,0,0,0,0,2,0,0,0,0,2,1,0,1,1,9,0,0,0,2,3,0,3,0,0,0,0,0,1,0,0,0,0,1,0,2,0,0,109,514,5,3,13,0,0,0,0],[0,0,20,0,0,0,2,1,2,1,0,0,3,0,0,0,0,1,0,0,0,1,0,10,0,0,0,5,2,3,0,0,0,0,0,0,0,0,529,0,2152,0,504,0,0,326,1,0,0,0,311,0,0,0,0,2,0,0,0,2,15,0,0,0,0,4,0,0,0,0,0,1,13,3,1,682,1,9,0,0,0,0,1,0,0,0,1,2,6,0,0,0,11,0,0,1,30,1,239,6,0,0,18,203,0,0,553,9,9,91,29,74,0,5010,8094,5,0,0,0,3,1520,2,0,0,0,88,17,5,1,1,0,4,11,68,0,0,0,0,2,1,0,0,353,0,0,753,20,2,0,0,3,0,0,3,49,4,0,0,2,133,6,3,0,16,2882,0,9,1,0,134,0,0,0,0,0,0,0,552,1,5,0,370,28,35,6,0,2,1662,946,5693,91,4,337,1,25,10],[0,0,7,0,0,0,566,0,22,4,1,0,6,0,0,0,0,0,0,0,0,0,0,1,0,0,0,0,0,0,0,0,0,0,0,18,0,0,0,0,1377,0,260,0,0,225,36,730,0,0,174,0,0,0,5391,0,0,26,0,3,12,0,0,365,0,0,0,0,0,0,50,0,21,28,0,0,0,30732,0,0,0,0,24,0,0,0,6570,1,0,0,0,0,410,0,0,2,10272,265,100035,19566,15515,0,17,0,0,0,351,0,1,39,49,261,12,324,191,9,0,0,0,3,139,913,0,0,0,166,26,3,22075,0,0,1,2,94,0,0,0,0,0,3,0,0,258,0,0,647,18,2,19,0,0,0,0,0,0,0,0,0,0,19,0,0,0,0,206,0,0,0,0,27,0,0,0,0,0,0,0,5,0,0,0,0,0,0,0,0,0,312,804,0,0,0,0,0,0,0],[0,0,0,0,0,0,0,0,2,0,0,0,0,0,0,0,0,0,0,0,0,0,0,0,79,0,0,0,0,0,0,0,0,0,0,0,0,0,3,0,13,0,4,0,0,0,0,2,0,0,0,0,0,0,0,10,7133,0,0,6,105,0,0,0,0,0,1,0,0,0,0,0,39,0,4,1266,2,0,1,0,0,0,0,0,0,3981,0,0,31,0,0,0,0,0,0,2,0,0,0,0,0,0,0,0,0,0,0,0,0,0,0,0,0,1175